0	0	1
0	0	2
1	2	3
1	2	4
2	3	5
2	3	6
3	5	7
3	5	8
3	6	9
3	6	10
4	8	11
4	8	12
4	9	13
4	9	14
4	10	15
4	10	16
5	11	17
5	11	18
5	13	19
5	13	20
5	14	21
5	14	22
5	15	23
5	15	24
5	16	25
5	16	26
6	17	27
6	17	28
6	18	29
6	18	30
6	20	31
6	20	32
6	22	33
6	22	34
6	25	35
6	25	36
7	30	37
7	30	38
7	31	39
7	31	40
7	32	41
7	32	42
7	33	43
7	33	44
7	36	45
7	36	46
8	39	47
8	39	48
8	40	49
8	40	50
8	41	51
8	41	52
8	42	53
8	42	54
8	46	55
8	46	56
9	47	57
9	47	58
9	49	59
9	49	60
9	50	61
9	50	62
9	53	63
9	53	64
9	54	65
9	54	66
9	55	67
9	55	68
9	56	69
9	56	70
10	57	71
10	57	72
10	58	73
10	58	74
10	62	75
10	62	76
10	63	77
10	63	78
10	64	79
10	64	80
10	65	81
10	65	82
10	67	83
10	67	84
10	68	85
10	68	86
10	69	87
10	69	88
10	70	89
10	70	90
11	71	91
11	71	92
11	74	93
11	74	94
11	75	95
11	75	96
11	76	97
11	76	98
11	77	99
11	77	100
11	78	101
11	78	102
11	80	103
11	80	104
11	81	105
11	81	106
11	82	107
11	82	108
11	85	109
11	85	110
11	86	111
11	86	112
11	88	113
11	88	114
11	89	115
11	89	116
11	90	117
11	90	118
12	116	119
12	116	120
12	100	121
12	100	122
12	92	123
12	92	124
12	118	125
12	118	126
12	104	127
12	104	128
12	117	129
12	117	130
12	109	131
12	109	132
12	91	133
12	91	134
12	105	135
12	105	136
12	114	137
12	114	138
12	108	139
12	108	140
12	112	141
12	112	142
12	96	143
12	96	144
13	119	145
13	119	146
13	122	147
13	122	148
13	123	149
13	123	150
13	124	151
13	124	152
13	126	153
13	126	154
13	128	155
13	128	156
13	129	157
13	129	158
13	130	159
13	130	160
13	131	161
13	131	162
13	133	163
13	133	164
13	137	165
13	137	166
13	139	167
13	139	168
13	140	169
13	140	170
13	141	171
13	141	172
13	142	173
13	142	174
13	143	175
13	143	176
14	145	177
14	145	178
14	147	179
14	147	180
14	148	181
14	148	182
14	151	183
14	151	184
14	152	185
14	152	186
14	154	187
14	154	188
14	156	189
14	156	190
14	157	191
14	157	192
14	158	193
14	158	194
14	159	195
14	159	196
14	165	197
14	165	198
14	166	199
14	166	200
14	167	201
14	167	202
14	168	203
14	168	204
14	169	205
14	169	206
14	170	207
14	170	208
14	171	209
14	171	210
14	172	211
14	172	212
14	175	213
14	175	214
14	176	215
14	176	216
15	186	217
15	186	218
15	200	219
15	200	220
15	207	221
15	207	222
15	189	223
15	189	224
15	183	225
15	183	226
15	204	227
15	204	228
15	211	229
15	211	230
15	181	231
15	181	232
15	203	233
15	203	234
15	202	235
15	202	236
15	198	237
15	198	238
15	192	239
15	192	240
15	185	241
15	185	242
15	199	243
15	199	244
15	179	245
15	179	246
15	205	247
15	205	248
15	184	249
15	184	250
15	177	251
15	177	252
15	178	253
15	178	254
15	188	255
15	188	256
15	191	257
15	191	258
15	194	259
15	194	260
15	210	261
15	210	262
15	187	263
15	187	264
15	212	265
15	212	266
15	215	267
15	215	268
15	216	269
15	216	270
16	219	271
16	219	272
16	220	273
16	220	274
16	221	275
16	221	276
16	222	277
16	222	278
16	224	279
16	224	280
16	225	281
16	225	282
16	226	283
16	226	284
16	227	285
16	227	286
16	229	287
16	229	288
16	230	289
16	230	290
16	231	291
16	231	292
16	233	293
16	233	294
16	234	295
16	234	296
16	238	297
16	238	298
16	240	299
16	240	300
16	241	301
16	241	302
16	244	303
16	244	304
16	247	305
16	247	306
16	248	307
16	248	308
16	250	309
16	250	310
16	251	311
16	251	312
16	254	313
16	254	314
16	255	315
16	255	316
16	257	317
16	257	318
16	259	319
16	259	320
16	260	321
16	260	322
16	261	323
16	261	324
16	263	325
16	263	326
16	265	327
16	265	328
16	266	329
16	266	330
16	267	331
16	267	332
16	268	333
16	268	334
16	269	335
16	269	336
17	271	337
17	271	338
17	272	339
17	272	340
17	274	341
17	274	342
17	276	343
17	276	344
17	277	345
17	277	346
17	279	347
17	279	348
17	280	349
17	280	350
17	282	351
17	282	352
17	283	353
17	283	354
17	284	355
17	284	356
17	285	357
17	285	358
17	286	359
17	286	360
17	287	361
17	287	362
17	288	363
17	288	364
17	293	365
17	293	366
17	294	367
17	294	368
17	296	369
17	296	370
17	297	371
17	297	372
17	298	373
17	298	374
17	299	375
17	299	376
17	301	377
17	301	378
17	303	379
17	303	380
17	304	381
17	304	382
17	305	383
17	305	384
17	306	385
17	306	386
17	310	387
17	310	388
17	312	389
17	312	390
17	313	391
17	313	392
17	314	393
17	314	394
17	315	395
17	315	396
17	316	397
17	316	398
17	318	399
17	318	400
17	319	401
17	319	402
17	320	403
17	320	404
17	321	405
17	321	406
17	322	407
17	322	408
17	323	409
17	323	410
17	324	411
17	324	412
17	325	413
17	325	414
17	326	415
17	326	416
17	327	417
17	327	418
17	328	419
17	328	420
17	330	421
17	330	422
17	332	423
17	332	424
17	333	425
17	333	426
17	334	427
17	334	428
17	336	429
17	336	430
18	382	431
18	382	432
18	401	433
18	401	434
18	377	435
18	377	436
18	398	437
18	398	438
18	394	439
18	394	440
18	388	441
18	388	442
18	385	443
18	385	444
18	338	445
18	338	446
18	400	447
18	400	448
18	403	449
18	403	450
18	389	451
18	389	452
18	409	453
18	409	454
18	376	455
18	376	456
18	396	457
18	396	458
18	353	459
18	353	460
18	392	461
18	392	462
18	421	463
18	421	464
18	359	465
18	359	466
18	379	467
18	379	468
18	414	469
18	414	470
18	367	471
18	367	472
18	363	473
18	363	474
18	408	475
18	408	476
18	406	477
18	406	478
18	411	479
18	411	480
18	361	481
18	361	482
18	369	483
18	369	484
18	375	485
18	375	486
18	417	487
18	417	488
18	378	489
18	378	490
18	366	491
18	366	492
18	374	493
18	374	494
18	380	495
18	380	496
18	397	497
18	397	498
18	347	499
18	347	500
18	337	501
18	337	502
18	422	503
18	422	504
18	381	505
18	381	506
18	412	507
18	412	508
18	407	509
18	407	510
18	395	511
18	395	512
18	368	513
18	368	514
18	345	515
18	345	516
18	343	517
18	343	518
18	364	519
18	364	520
18	355	521
18	355	522
18	352	523
18	352	524
18	354	525
18	354	526
18	419	527
18	419	528
18	424	529
18	424	530
18	425	531
18	425	532
18	427	533
18	427	534
18	428	535
18	428	536
18	357	537
18	357	538
19	433	539
19	433	540
19	498	541
19	498	542
19	506	543
19	506	544
19	439	545
19	439	546
19	468	547
19	468	548
19	505	549
19	505	550
19	521	551
19	521	552
19	450	553
19	450	554
19	516	555
19	516	556
19	443	557
19	443	558
19	495	559
19	495	560
19	463	561
19	463	562
19	513	563
19	513	564
19	520	565
19	520	566
19	453	567
19	453	568
19	515	569
19	515	570
19	451	571
19	451	572
19	444	573
19	444	574
19	484	575
19	484	576
19	501	577
19	501	578
19	456	579
19	456	580
19	511	581
19	511	582
19	482	583
19	482	584
19	472	585
19	472	586
19	434	587
19	434	588
19	492	589
19	492	590
19	509	591
19	509	592
19	508	593
19	508	594
19	471	595
19	471	596
19	445	597
19	445	598
19	504	599
19	504	600
19	469	601
19	469	602
19	487	603
19	487	604
19	440	605
19	440	606
19	458	607
19	458	608
19	465	609
19	465	610
19	466	611
19	466	612
19	522	613
19	522	614
19	479	615
19	479	616
19	485	617
19	485	618
19	526	619
19	526	620
19	442	621
19	442	622
19	448	623
19	448	624
19	523	625
19	523	626
19	478	627
19	478	628
19	459	629
19	459	630
19	497	631
19	497	632
19	524	633
19	524	634
19	518	635
19	518	636
19	494	637
19	494	638
19	488	639
19	488	640
19	437	641
19	437	642
19	519	643
19	519	644
19	476	645
19	476	646
19	447	647
19	447	648
19	436	649
19	436	650
19	483	651
19	483	652
19	502	653
19	502	654
19	454	655
19	454	656
19	525	657
19	525	658
19	461	659
19	461	660
19	475	661
19	475	662
19	532	663
19	532	664
19	535	665
19	535	666
19	531	667
19	531	668
19	530	669
19	530	670
19	533	671
19	533	672
19	534	673
19	534	674
19	538	675
19	538	676
19	446	677
19	446	678
19	529	679
19	529	680
20	587	681
20	587	682
20	654	683
20	654	684
20	592	685
20	592	686
20	649	687
20	649	688
20	652	689
20	652	690
20	597	691
20	597	692
20	546	693
20	546	694
20	584	695
20	584	696
20	596	697
20	596	698
20	554	699
20	554	700
20	638	701
20	638	702
20	643	703
20	643	704
20	611	705
20	611	706
20	595	707
20	595	708
20	586	709
20	586	710
20	598	711
20	598	712
20	552	713
20	552	714
20	608	715
20	608	716
20	567	717
20	567	718
20	605	719
20	605	720
20	658	721
20	658	722
20	619	723
20	619	724
20	557	725
20	557	726
20	644	727
20	644	728
20	606	729
20	606	730
20	539	731
20	539	732
20	616	733
20	616	734
20	657	735
20	657	736
20	577	737
20	577	738
20	647	739
20	647	740
20	564	741
20	564	742
20	558	743
20	558	744
20	573	745
20	573	746
20	645	747
20	645	748
20	541	749
20	541	750
20	563	751
20	563	752
20	662	753
20	662	754
20	632	755
20	632	756
20	599	757
20	599	758
20	571	759
20	571	760
20	614	761
20	614	762
20	559	763
20	559	764
20	618	765
20	618	766
20	628	767
20	628	768
20	562	769
20	562	770
20	547	771
20	547	772
20	612	773
20	612	774
20	543	775
20	543	776
20	634	777
20	634	778
20	560	779
20	560	780
20	579	781
20	579	782
20	648	783
20	648	784
20	655	785
20	655	786
20	561	787
20	561	788
20	594	789
20	594	790
20	553	791
20	553	792
20	555	793
20	555	794
20	629	795
20	629	796
20	575	797
20	575	798
20	641	799
20	641	800
20	639	801
20	639	802
20	556	803
20	556	804
20	589	805
20	589	806
20	642	807
20	642	808
20	663	809
20	663	810
20	664	811
20	664	812
20	666	813
20	666	814
20	667	815
20	667	816
20	668	817
20	668	818
20	669	819
20	669	820
20	672	821
20	672	822
20	673	823
20	673	824
20	675	825
20	675	826
20	676	827
20	676	828
20	677	829
20	677	830
20	678	831
20	678	832
20	680	833
20	680	834
20	615	835
20	615	836
21	690	837
21	690	838
21	729	839
21	729	840
21	750	841
21	750	842
21	732	843
21	732	844
21	795	845
21	795	846
21	740	847
21	740	848
21	707	849
21	707	850
21	772	851
21	772	852
21	801	853
21	801	854
21	697	855
21	697	856
21	715	857
21	715	858
21	692	859
21	692	860
21	696	861
21	696	862
21	727	863
21	727	864
21	713	865
21	713	866
21	785	867
21	785	868
21	788	869
21	788	870
21	759	871
21	759	872
21	708	873
21	708	874
21	716	875
21	716	876
21	717	877
21	717	878
21	743	879
21	743	880
21	741	881
21	741	882
21	784	883
21	784	884
21	790	885
21	790	886
21	791	887
21	791	888
21	709	889
21	709	890
21	704	891
21	704	892
21	742	893
21	742	894
21	755	895
21	755	896
21	769	897
21	769	898
21	766	899
21	766	900
21	777	901
21	777	902
21	725	903
21	725	904
21	756	905
21	756	906
21	736	907
21	736	908
21	699	909
21	699	910
21	787	911
21	787	912
21	702	913
21	702	914
21	746	915
21	746	916
21	689	917
21	689	918
21	748	919
21	748	920
21	705	921
21	705	922
21	765	923
21	765	924
21	687	925
21	687	926
21	738	927
21	738	928
21	771	929
21	771	930
21	799	931
21	799	932
21	782	933
21	782	934
21	726	935
21	726	936
21	693	937
21	693	938
21	761	939
21	761	940
21	789	941
21	789	942
21	807	943
21	807	944
21	711	945
21	711	946
21	802	947
21	802	948
21	793	949
21	793	950
21	734	951
21	734	952
21	776	953
21	776	954
21	735	955
21	735	956
21	684	957
21	684	958
21	724	959
21	724	960
21	783	961
21	783	962
21	744	963
21	744	964
21	694	965
21	694	966
21	800	967
21	800	968
21	770	969
21	770	970
21	809	971
21	809	972
21	812	973
21	812	974
21	813	975
21	813	976
21	816	977
21	816	978
21	817	979
21	817	980
21	818	981
21	818	982
21	819	983
21	819	984
21	821	985
21	821	986
21	822	987
21	822	988
21	823	989
21	823	990
21	825	991
21	825	992
21	829	993
21	829	994
21	830	995
21	830	996
21	831	997
21	831	998
21	832	999
21	832	1000
21	833	1001
21	833	1002
21	835	1003
21	835	1004
22	910	1005
22	910	1006
22	880	1007
22	880	1008
22	860	1009
22	860	1010
22	843	1011
22	843	1012
22	967	1013
22	967	1014
22	844	1015
22	844	1016
22	911	1017
22	911	1018
22	896	1019
22	896	1020
22	841	1021
22	841	1022
22	944	1023
22	944	1024
22	901	1025
22	901	1026
22	959	1027
22	959	1028
22	894	1029
22	894	1030
22	886	1031
22	886	1032
22	851	1033
22	851	1034
22	899	1035
22	899	1036
22	889	1037
22	889	1038
22	846	1039
22	846	1040
22	913	1041
22	913	1042
22	852	1043
22	852	1044
22	897	1045
22	897	1046
22	961	1047
22	961	1048
22	871	1049
22	871	1050
22	867	1051
22	867	1052
22	906	1053
22	906	1054
22	926	1055
22	926	1056
22	956	1057
22	956	1058
22	885	1059
22	885	1060
22	859	1061
22	859	1062
22	940	1063
22	940	1064
22	928	1065
22	928	1066
22	966	1067
22	966	1068
22	955	1069
22	955	1070
22	952	1071
22	952	1072
22	858	1073
22	858	1074
22	868	1075
22	868	1076
22	908	1077
22	908	1078
22	864	1079
22	864	1080
22	890	1081
22	890	1082
22	929	1083
22	929	1084
22	938	1085
22	938	1086
22	950	1087
22	950	1088
22	945	1089
22	945	1090
22	857	1091
22	857	1092
22	870	1093
22	870	1094
22	927	1095
22	927	1096
22	855	1097
22	855	1098
22	893	1099
22	893	1100
22	898	1101
22	898	1102
22	924	1103
22	924	1104
22	960	1105
22	960	1106
22	842	1107
22	842	1108
22	943	1109
22	943	1110
22	900	1111
22	900	1112
22	948	1113
22	948	1114
22	922	1115
22	922	1116
22	905	1117
22	905	1118
22	845	1119
22	845	1120
22	888	1121
22	888	1122
22	848	1123
22	848	1124
22	965	1125
22	965	1126
22	874	1127
22	874	1128
22	849	1129
22	849	1130
22	954	1131
22	954	1132
22	915	1133
22	915	1134
22	838	1135
22	838	1136
22	853	1137
22	853	1138
22	968	1139
22	968	1140
22	947	1141
22	947	1142
22	863	1143
22	863	1144
22	921	1145
22	921	1146
22	850	1147
22	850	1148
22	902	1149
22	902	1150
22	936	1151
22	936	1152
22	884	1153
22	884	1154
22	876	1155
22	876	1156
22	907	1157
22	907	1158
22	949	1159
22	949	1160
22	931	1161
22	931	1162
22	946	1163
22	946	1164
22	878	1165
22	878	1166
22	958	1167
22	958	1168
22	873	1169
22	873	1170
22	951	1171
22	951	1172
22	953	1173
22	953	1174
22	933	1175
22	933	1176
22	973	1177
22	973	1178
22	974	1179
22	974	1180
22	978	1181
22	978	1182
22	981	1183
22	981	1184
22	982	1185
22	982	1186
22	983	1187
22	983	1188
22	984	1189
22	984	1190
22	985	1191
22	985	1192
22	986	1193
22	986	1194
22	990	1195
22	990	1196
22	994	1197
22	994	1198
22	995	1199
22	995	1200
22	996	1201
22	996	1202
22	998	1203
22	998	1204
22	999	1205
22	999	1206
22	1000	1207
22	1000	1208
22	1001	1209
22	1001	1210
22	1004	1211
22	1004	1212
22	879	1213
22	879	1214
23	1160	1215
23	1160	1216
23	1066	1217
23	1066	1218
23	1149	1219
23	1149	1220
23	1095	1221
23	1095	1222
23	1029	1223
23	1029	1224
23	1053	1225
23	1053	1226
23	1099	1227
23	1099	1228
23	1036	1229
23	1036	1230
23	1031	1231
23	1031	1232
23	1173	1233
23	1173	1234
23	1168	1235
23	1168	1236
23	1101	1237
23	1101	1238
23	1107	1239
23	1107	1240
23	1056	1241
23	1056	1242
23	1098	1243
23	1098	1244
23	1048	1245
23	1048	1246
23	1044	1247
23	1044	1248
23	1014	1249
23	1014	1250
23	1114	1251
23	1114	1252
23	1126	1253
23	1126	1254
23	1079	1255
23	1079	1256
23	1144	1257
23	1144	1258
23	1097	1259
23	1097	1260
23	1128	1261
23	1128	1262
23	1139	1263
23	1139	1264
23	1068	1265
23	1068	1266
23	1109	1267
23	1109	1268
23	1111	1269
23	1111	1270
23	1041	1271
23	1041	1272
23	1055	1273
23	1055	1274
23	1162	1275
23	1162	1276
23	1006	1277
23	1006	1278
23	1147	1279
23	1147	1280
23	1131	1281
23	1131	1282
23	1143	1283
23	1143	1284
23	1024	1285
23	1024	1286
23	1040	1287
23	1040	1288
23	1010	1289
23	1010	1290
23	1112	1291
23	1112	1292
23	1043	1293
23	1043	1294
23	1016	1295
23	1016	1296
23	1076	1297
23	1076	1298
23	1123	1299
23	1123	1300
23	1094	1301
23	1094	1302
23	1012	1303
23	1012	1304
23	1110	1305
23	1110	1306
23	1145	1307
23	1145	1308
23	1085	1309
23	1085	1310
23	1129	1311
23	1129	1312
23	1007	1313
23	1007	1314
23	1119	1315
23	1119	1316
23	1008	1317
23	1008	1318
23	1017	1319
23	1017	1320
23	1142	1321
23	1142	1322
23	1122	1323
23	1122	1324
23	1073	1325
23	1073	1326
23	1037	1327
23	1037	1328
23	1078	1329
23	1078	1330
23	1093	1331
23	1093	1332
23	1116	1333
23	1116	1334
23	1164	1335
23	1164	1336
23	1034	1337
23	1034	1338
23	1026	1339
23	1026	1340
23	1070	1341
23	1070	1342
23	1059	1343
23	1059	1344
23	1087	1345
23	1087	1346
23	1146	1347
23	1146	1348
23	1054	1349
23	1054	1350
23	1125	1351
23	1125	1352
23	1120	1353
23	1120	1354
23	1154	1355
23	1154	1356
23	1138	1357
23	1138	1358
23	1113	1359
23	1113	1360
23	1132	1361
23	1132	1362
23	1117	1363
23	1117	1364
23	1077	1365
23	1077	1366
23	1159	1367
23	1159	1368
23	1118	1369
23	1118	1370
23	1071	1371
23	1071	1372
23	1005	1373
23	1005	1374
23	1090	1375
23	1090	1376
23	1019	1377
23	1019	1378
23	1158	1379
23	1158	1380
23	1166	1381
23	1166	1382
23	1163	1383
23	1163	1384
23	1124	1385
23	1124	1386
23	1121	1387
23	1121	1388
23	1047	1389
23	1047	1390
23	1013	1391
23	1013	1392
23	1155	1393
23	1155	1394
23	1060	1395
23	1060	1396
23	1089	1397
23	1089	1398
23	1050	1399
23	1050	1400
23	1075	1401
23	1075	1402
23	1063	1403
23	1063	1404
23	1023	1405
23	1023	1406
23	1015	1407
23	1015	1408
23	1135	1409
23	1135	1410
23	1062	1411
23	1062	1412
23	1170	1413
23	1170	1414
23	1171	1415
23	1171	1416
23	1039	1417
23	1039	1418
23	1088	1419
23	1088	1420
23	1172	1421
23	1172	1422
23	1084	1423
23	1084	1424
23	1045	1425
23	1045	1426
23	1104	1427
23	1104	1428
23	1177	1429
23	1177	1430
23	1178	1431
23	1178	1432
23	1180	1433
23	1180	1434
23	1183	1435
23	1183	1436
23	1184	1437
23	1184	1438
23	1186	1439
23	1186	1440
23	1187	1441
23	1187	1442
23	1189	1443
23	1189	1444
23	1192	1445
23	1192	1446
23	1194	1447
23	1194	1448
23	1195	1449
23	1195	1450
23	1196	1451
23	1196	1452
23	1198	1453
23	1198	1454
23	1201	1455
23	1201	1456
23	1202	1457
23	1202	1458
23	1203	1459
23	1203	1460
23	1204	1461
23	1204	1462
23	1205	1463
23	1205	1464
23	1208	1465
23	1208	1466
23	1211	1467
23	1211	1468
23	1212	1469
23	1212	1470
23	1157	1471
23	1157	1472
23	1214	1473
23	1214	1474
24	1245	1475
24	1245	1476
24	1372	1477
24	1372	1478
24	1334	1479
24	1334	1480
24	1378	1481
24	1378	1482
24	1251	1483
24	1251	1484
24	1426	1485
24	1426	1486
24	1243	1487
24	1243	1488
24	1297	1489
24	1297	1490
24	1258	1491
24	1258	1492
24	1222	1493
24	1222	1494
24	1295	1495
24	1295	1496
24	1352	1497
24	1352	1498
24	1248	1499
24	1248	1500
24	1365	1501
24	1365	1502
24	1217	1503
24	1217	1504
24	1348	1505
24	1348	1506
24	1367	1507
24	1367	1508
24	1403	1509
24	1403	1510
24	1314	1511
24	1314	1512
24	1376	1513
24	1376	1514
24	1228	1515
24	1228	1516
24	1337	1517
24	1337	1518
24	1354	1519
24	1354	1520
24	1313	1521
24	1313	1522
24	1336	1523
24	1336	1524
24	1370	1525
24	1370	1526
24	1259	1527
24	1259	1528
24	1409	1529
24	1409	1530
24	1273	1531
24	1273	1532
24	1399	1533
24	1399	1534
24	1380	1535
24	1380	1536
24	1305	1537
24	1305	1538
24	1423	1539
24	1423	1540
24	1281	1541
24	1281	1542
24	1218	1543
24	1218	1544
24	1350	1545
24	1350	1546
24	1388	1547
24	1388	1548
24	1293	1549
24	1293	1550
24	1381	1551
24	1381	1552
24	1263	1553
24	1263	1554
24	1410	1555
24	1410	1556
24	1286	1557
24	1286	1558
24	1226	1559
24	1226	1560
24	1362	1561
24	1362	1562
24	1412	1563
24	1412	1564
24	1285	1565
24	1285	1566
24	1420	1567
24	1420	1568
24	1427	1569
24	1427	1570
24	1278	1571
24	1278	1572
24	1249	1573
24	1249	1574
24	1265	1575
24	1265	1576
24	1343	1577
24	1343	1578
24	1383	1579
24	1383	1580
24	1233	1581
24	1233	1582
24	1280	1583
24	1280	1584
24	1321	1585
24	1321	1586
24	1250	1587
24	1250	1588
24	1300	1589
24	1300	1590
24	1396	1591
24	1396	1592
24	1237	1593
24	1237	1594
24	1328	1595
24	1328	1596
24	1229	1597
24	1229	1598
24	1330	1599
24	1330	1600
24	1417	1601
24	1417	1602
24	1390	1603
24	1390	1604
24	1416	1605
24	1416	1606
24	1341	1607
24	1341	1608
24	1428	1609
24	1428	1610
24	1272	1611
24	1272	1612
24	1413	1613
24	1413	1614
24	1288	1615
24	1288	1616
24	1319	1617
24	1319	1618
24	1422	1619
24	1422	1620
24	1361	1621
24	1361	1622
24	1252	1623
24	1252	1624
24	1344	1625
24	1344	1626
24	1289	1627
24	1289	1628
24	1277	1629
24	1277	1630
24	1385	1631
24	1385	1632
24	1323	1633
24	1323	1634
24	1219	1635
24	1219	1636
24	1398	1637
24	1398	1638
24	1304	1639
24	1304	1640
24	1230	1641
24	1230	1642
24	1340	1643
24	1340	1644
24	1401	1645
24	1401	1646
24	1318	1647
24	1318	1648
24	1309	1649
24	1309	1650
24	1355	1651
24	1355	1652
24	1247	1653
24	1247	1654
24	1375	1655
24	1375	1656
24	1232	1657
24	1232	1658
24	1238	1659
24	1238	1660
24	1389	1661
24	1389	1662
24	1387	1663
24	1387	1664
24	1320	1665
24	1320	1666
24	1407	1667
24	1407	1668
24	1239	1669
24	1239	1670
24	1254	1671
24	1254	1672
24	1283	1673
24	1283	1674
24	1364	1675
24	1364	1676
24	1240	1677
24	1240	1678
24	1325	1679
24	1325	1680
24	1291	1681
24	1291	1682
24	1255	1683
24	1255	1684
24	1275	1685
24	1275	1686
24	1391	1687
24	1391	1688
24	1386	1689
24	1386	1690
24	1366	1691
24	1366	1692
24	1349	1693
24	1349	1694
24	1236	1695
24	1236	1696
24	1415	1697
24	1415	1698
24	1357	1699
24	1357	1700
24	1404	1701
24	1404	1702
24	1356	1703
24	1356	1704
24	1234	1705
24	1234	1706
24	1382	1707
24	1382	1708
24	1333	1709
24	1333	1710
24	1329	1711
24	1329	1712
24	1266	1713
24	1266	1714
24	1368	1715
24	1368	1716
24	1270	1717
24	1270	1718
24	1312	1719
24	1312	1720
24	1294	1721
24	1294	1722
24	1429	1723
24	1429	1724
24	1430	1725
24	1430	1726
24	1433	1727
24	1433	1728
24	1434	1729
24	1434	1730
24	1435	1731
24	1435	1732
24	1437	1733
24	1437	1734
24	1438	1735
24	1438	1736
24	1439	1737
24	1439	1738
24	1441	1739
24	1441	1740
24	1443	1741
24	1443	1742
24	1444	1743
24	1444	1744
24	1445	1745
24	1445	1746
24	1449	1747
24	1449	1748
24	1451	1749
24	1451	1750
24	1453	1751
24	1453	1752
24	1455	1753
24	1455	1754
24	1456	1755
24	1456	1756
24	1457	1757
24	1457	1758
24	1458	1759
24	1458	1760
24	1459	1761
24	1459	1762
24	1460	1763
24	1460	1764
24	1463	1765
24	1463	1766
24	1464	1767
24	1464	1768
24	1465	1769
24	1465	1770
24	1466	1771
24	1466	1772
24	1467	1773
24	1467	1774
24	1469	1775
24	1469	1776
24	1470	1777
24	1470	1778
24	1371	1779
24	1371	1780
25	1572	1781
25	1572	1782
25	1477	1783
25	1477	1784
25	1604	1785
25	1604	1786
25	1475	1787
25	1475	1788
25	1657	1789
25	1657	1790
25	1600	1791
25	1600	1792
25	1581	1793
25	1581	1794
25	1643	1795
25	1643	1796
25	1653	1797
25	1653	1798
25	1619	1799
25	1619	1800
25	1637	1801
25	1637	1802
25	1531	1803
25	1531	1804
25	1655	1805
25	1655	1806
25	1601	1807
25	1601	1808
25	1532	1809
25	1532	1810
25	1701	1811
25	1701	1812
25	1579	1813
25	1579	1814
25	1513	1815
25	1513	1816
25	1525	1817
25	1525	1818
25	1667	1819
25	1667	1820
25	1481	1821
25	1481	1822
25	1510	1823
25	1510	1824
25	1692	1825
25	1692	1826
25	1498	1827
25	1498	1828
25	1656	1829
25	1656	1830
25	1691	1831
25	1691	1832
25	1566	1833
25	1566	1834
25	1484	1835
25	1484	1836
25	1674	1837
25	1674	1838
25	1677	1839
25	1677	1840
25	1714	1841
25	1714	1842
25	1668	1843
25	1668	1844
25	1705	1845
25	1705	1846
25	1614	1847
25	1614	1848
25	1665	1849
25	1665	1850
25	1641	1851
25	1641	1852
25	1489	1853
25	1489	1854
25	1586	1855
25	1586	1856
25	1512	1857
25	1512	1858
25	1713	1859
25	1713	1860
25	1646	1861
25	1646	1862
25	1682	1863
25	1682	1864
25	1504	1865
25	1504	1866
25	1651	1867
25	1651	1868
25	1539	1869
25	1539	1870
25	1618	1871
25	1618	1872
25	1554	1873
25	1554	1874
25	1621	1875
25	1621	1876
25	1707	1877
25	1707	1878
25	1613	1879
25	1613	1880
25	1617	1881
25	1617	1882
25	1523	1883
25	1523	1884
25	1722	1885
25	1722	1886
25	1515	1887
25	1515	1888
25	1490	1889
25	1490	1890
25	1636	1891
25	1636	1892
25	1562	1893
25	1562	1894
25	1536	1895
25	1536	1896
25	1606	1897
25	1606	1898
25	1518	1899
25	1518	1900
25	1560	1901
25	1560	1902
25	1659	1903
25	1659	1904
25	1495	1905
25	1495	1906
25	1690	1907
25	1690	1908
25	1609	1909
25	1609	1910
25	1553	1911
25	1553	1912
25	1664	1913
25	1664	1914
25	1698	1915
25	1698	1916
25	1501	1917
25	1501	1918
25	1624	1919
25	1624	1920
25	1644	1921
25	1644	1922
25	1658	1923
25	1658	1924
25	1589	1925
25	1589	1926
25	1559	1927
25	1559	1928
25	1496	1929
25	1496	1930
25	1487	1931
25	1487	1932
25	1693	1933
25	1693	1934
25	1629	1935
25	1629	1936
25	1544	1937
25	1544	1938
25	1654	1939
25	1654	1940
25	1611	1941
25	1611	1942
25	1612	1943
25	1612	1944
25	1563	1945
25	1563	1946
25	1499	1947
25	1499	1948
25	1520	1949
25	1520	1950
25	1593	1951
25	1593	1952
25	1625	1953
25	1625	1954
25	1545	1955
25	1545	1956
25	1631	1957
25	1631	1958
25	1505	1959
25	1505	1960
25	1678	1961
25	1678	1962
25	1524	1963
25	1524	1964
25	1480	1965
25	1480	1966
25	1702	1967
25	1702	1968
25	1485	1969
25	1485	1970
25	1647	1971
25	1647	1972
25	1535	1973
25	1535	1974
25	1694	1975
25	1694	1976
25	1568	1977
25	1568	1978
25	1542	1979
25	1542	1980
25	1483	1981
25	1483	1982
25	1717	1983
25	1717	1984
25	1635	1985
25	1635	1986
25	1516	1987
25	1516	1988
25	1577	1989
25	1577	1990
25	1680	1991
25	1680	1992
25	1521	1993
25	1521	1994
25	1626	1995
25	1626	1996
25	1648	1997
25	1648	1998
25	1716	1999
25	1716	2000
25	1530	2001
25	1530	2002
25	1493	2003
25	1493	2004
25	1673	2005
25	1673	2006
25	1695	2007
25	1695	2008
25	1578	2009
25	1578	2010
25	1543	2011
25	1543	2012
25	1686	2013
25	1686	2014
25	1526	2015
25	1526	2016
25	1486	2017
25	1486	2018
25	1592	2019
25	1592	2020
25	1622	2021
25	1622	2022
25	1573	2023
25	1573	2024
25	1517	2025
25	1517	2026
25	1511	2027
25	1511	2028
25	1706	2029
25	1706	2030
25	1599	2031
25	1599	2032
25	1679	2033
25	1679	2034
25	1638	2035
25	1638	2036
25	1508	2037
25	1508	2038
25	1506	2039
25	1506	2040
25	1671	2041
25	1671	2042
25	1564	2043
25	1564	2044
25	1491	2045
25	1491	2046
25	1571	2047
25	1571	2048
25	1720	2049
25	1720	2050
25	1596	2051
25	1596	2052
25	1492	2053
25	1492	2054
25	1703	2055
25	1703	2056
25	1697	2057
25	1697	2058
25	1551	2059
25	1551	2060
25	1576	2061
25	1576	2062
25	1661	2063
25	1661	2064
25	1509	2065
25	1509	2066
25	1634	2067
25	1634	2068
25	1602	2069
25	1602	2070
25	1585	2071
25	1585	2072
25	1688	2073
25	1688	2074
25	1724	2075
25	1724	2076
25	1726	2077
25	1726	2078
25	1727	2079
25	1727	2080
25	1728	2081
25	1728	2082
25	1731	2083
25	1731	2084
25	1732	2085
25	1732	2086
25	1733	2087
25	1733	2088
25	1735	2089
25	1735	2090
25	1736	2091
25	1736	2092
25	1737	2093
25	1737	2094
25	1738	2095
25	1738	2096
25	1740	2097
25	1740	2098
25	1741	2099
25	1741	2100
25	1742	2101
25	1742	2102
25	1743	2103
25	1743	2104
25	1744	2105
25	1744	2106
25	1747	2107
25	1747	2108
25	1749	2109
25	1749	2110
25	1750	2111
25	1750	2112
25	1751	2113
25	1751	2114
25	1752	2115
25	1752	2116
25	1755	2117
25	1755	2118
25	1756	2119
25	1756	2120
25	1758	2121
25	1758	2122
25	1763	2123
25	1763	2124
25	1765	2125
25	1765	2126
25	1766	2127
25	1766	2128
25	1768	2129
25	1768	2130
25	1770	2131
25	1770	2132
25	1771	2133
25	1771	2134
25	1772	2135
25	1772	2136
25	1773	2137
25	1773	2138
25	1776	2139
25	1776	2140
25	1777	2141
25	1777	2142
25	1778	2143
25	1778	2144
25	1696	2145
25	1696	2146
26	2043	2147
26	2043	2148
26	1908	2149
26	1908	2150
26	1797	2151
26	1797	2152
26	2073	2153
26	2073	2154
26	2023	2155
26	2023	2156
26	2036	2157
26	2036	2158
26	1947	2159
26	1947	2160
26	1932	2161
26	1932	2162
26	1968	2163
26	1968	2164
26	2017	2165
26	2017	2166
26	1982	2167
26	1982	2168
26	1929	2169
26	1929	2170
26	1921	2171
26	1921	2172
26	1866	2173
26	1866	2174
26	1894	2175
26	1894	2176
26	1818	2177
26	1818	2178
26	1988	2179
26	1988	2180
26	2000	2181
26	2000	2182
26	1784	2183
26	1784	2184
26	1937	2185
26	1937	2186
26	2032	2187
26	2032	2188
26	1899	2189
26	1899	2190
26	1800	2191
26	1800	2192
26	2039	2193
26	2039	2194
26	1879	2195
26	1879	2196
26	1960	2197
26	1960	2198
26	1795	2199
26	1795	2200
26	1854	2201
26	1854	2202
26	1910	2203
26	1910	2204
26	1839	2205
26	1839	2206
26	1898	2207
26	1898	2208
26	1848	2209
26	1848	2210
26	1938	2211
26	1938	2212
26	1943	2213
26	1943	2214
26	1844	2215
26	1844	2216
26	1944	2217
26	1944	2218
26	2044	2219
26	2044	2220
26	1941	2221
26	1941	2222
26	1897	2223
26	1897	2224
26	1832	2225
26	1832	2226
26	1956	2227
26	1956	2228
26	1831	2229
26	1831	2230
26	1972	2231
26	1972	2232
26	1838	2233
26	1838	2234
26	2004	2235
26	2004	2236
26	2033	2237
26	2033	2238
26	1974	2239
26	1974	2240
26	2067	2241
26	2067	2242
26	2014	2243
26	2014	2244
26	1964	2245
26	1964	2246
26	1846	2247
26	1846	2248
26	1976	2249
26	1976	2250
26	1815	2251
26	1815	2252
26	2053	2253
26	2053	2254
26	1919	2255
26	1919	2256
26	2047	2257
26	2047	2258
26	1895	2259
26	1895	2260
26	1843	2261
26	1843	2262
26	1798	2263
26	1798	2264
26	1837	2265
26	1837	2266
26	1819	2267
26	1819	2268
26	1874	2269
26	1874	2270
26	2002	2271
26	2002	2272
26	2055	2273
26	2055	2274
26	1878	2275
26	1878	2276
26	1816	2277
26	1816	2278
26	1890	2279
26	1890	2280
26	1873	2281
26	1873	2282
26	2037	2283
26	2037	2284
26	1802	2285
26	1802	2286
26	1978	2287
26	1978	2288
26	1887	2289
26	1887	2290
26	1790	2291
26	1790	2292
26	1799	2293
26	1799	2294
26	2057	2295
26	2057	2296
26	1888	2297
26	1888	2298
26	1840	2299
26	1840	2300
26	2018	2301
26	2018	2302
26	2051	2303
26	2051	2304
26	2040	2305
26	2040	2306
26	1962	2307
26	1962	2308
26	2010	2309
26	2010	2310
26	1904	2311
26	1904	2312
26	1803	2313
26	1803	2314
26	1930	2315
26	1930	2316
26	2024	2317
26	2024	2318
26	1870	2319
26	1870	2320
26	1796	2321
26	1796	2322
26	1975	2323
26	1975	2324
26	1863	2325
26	1863	2326
26	1990	2327
26	1990	2328
26	1885	2329
26	1885	2330
26	1822	2331
26	1822	2332
26	1900	2333
26	1900	2334
26	1858	2335
26	1858	2336
26	1952	2337
26	1952	2338
26	1851	2339
26	1851	2340
26	1810	2341
26	1810	2342
26	1981	2343
26	1981	2344
26	2050	2345
26	2050	2346
26	1871	2347
26	1871	2348
26	2074	2349
26	2074	2350
26	1913	2351
26	1913	2352
26	1852	2353
26	1852	2354
26	1804	2355
26	1804	2356
26	1951	2357
26	1951	2358
26	1958	2359
26	1958	2360
26	1842	2361
26	1842	2362
26	1825	2363
26	1825	2364
26	2028	2365
26	2028	2366
26	1845	2367
26	1845	2368
26	1856	2369
26	1856	2370
26	1869	2371
26	1869	2372
26	1861	2373
26	1861	2374
26	1811	2375
26	1811	2376
26	1814	2377
26	1814	2378
26	1949	2379
26	1949	2380
26	1957	2381
26	1957	2382
26	2027	2383
26	2027	2384
26	2052	2385
26	2052	2386
26	1820	2387
26	1820	2388
26	2058	2389
26	2058	2390
26	1933	2391
26	1933	2392
26	1862	2393
26	1862	2394
26	1801	2395
26	1801	2396
26	1880	2397
26	1880	2398
26	1828	2399
26	1828	2400
26	2064	2401
26	2064	2402
26	1907	2403
26	1907	2404
26	1902	2405
26	1902	2406
26	1847	2407
26	1847	2408
26	1939	2409
26	1939	2410
26	1860	2411
26	1860	2412
26	1928	2413
26	1928	2414
26	1931	2415
26	1931	2416
26	2038	2417
26	2038	2418
26	2003	2419
26	2003	2420
26	2066	2421
26	2066	2422
26	2008	2423
26	2008	2424
26	1973	2425
26	1973	2426
26	1934	2427
26	1934	2428
26	2009	2429
26	2009	2430
26	1927	2431
26	1927	2432
26	1835	2433
26	1835	2434
26	1826	2435
26	1826	2436
26	2041	2437
26	2041	2438
26	1787	2439
26	1787	2440
26	1807	2441
26	1807	2442
26	1792	2443
26	1792	2444
26	1987	2445
26	1987	2446
26	2054	2447
26	2054	2448
26	1821	2449
26	1821	2450
26	1977	2451
26	1977	2452
26	1916	2453
26	1916	2454
26	2025	2455
26	2025	2456
26	1834	2457
26	1834	2458
26	1886	2459
26	1886	2460
26	1915	2461
26	1915	2462
26	1812	2463
26	1812	2464
26	1889	2465
26	1889	2466
26	1942	2467
26	1942	2468
26	1809	2469
26	1809	2470
26	1996	2471
26	1996	2472
26	2095	2473
26	2095	2474
26	2098	2475
26	2098	2476
26	2084	2477
26	2084	2478
26	2081	2479
26	2081	2480
26	2075	2481
26	2075	2482
26	2094	2483
26	2094	2484
26	2080	2485
26	2080	2486
26	2108	2487
26	2108	2488
26	2101	2489
26	2101	2490
26	2093	2491
26	2093	2492
26	2110	2493
26	2110	2494
26	2076	2495
26	2076	2496
26	2077	2497
26	2077	2498
26	2092	2499
26	2092	2500
26	2089	2501
26	2089	2502
26	2087	2503
26	2087	2504
26	2109	2505
26	2109	2506
26	2100	2507
26	2100	2508
26	2105	2509
26	2105	2510
26	2106	2511
26	2106	2512
26	2096	2513
26	2096	2514
26	2086	2515
26	2086	2516
26	2090	2517
26	2090	2518
26	2083	2519
26	2083	2520
26	2113	2521
26	2113	2522
26	2114	2523
26	2114	2524
26	2115	2525
26	2115	2526
26	2118	2527
26	2118	2528
26	2119	2529
26	2119	2530
26	2120	2531
26	2120	2532
26	2122	2533
26	2122	2534
26	2123	2535
26	2123	2536
26	2126	2537
26	2126	2538
26	2129	2539
26	2129	2540
26	2132	2541
26	2132	2542
26	2134	2543
26	2134	2544
26	2136	2545
26	2136	2546
26	2137	2547
26	2137	2548
26	2139	2549
26	2139	2550
26	2140	2551
26	2140	2552
26	2142	2553
26	2142	2554
26	2143	2555
26	2143	2556
26	2144	2557
26	2144	2558
26	2145	2559
26	2145	2560
26	2146	2561
26	2146	2562
26	2085	2563
26	2085	2564
27	2290	2565
27	2290	2566
27	2267	2567
27	2267	2568
27	2279	2569
27	2279	2570
27	2287	2571
27	2287	2572
27	2243	2573
27	2243	2574
27	2206	2575
27	2206	2576
27	2247	2577
27	2247	2578
27	2294	2579
27	2294	2580
27	2426	2581
27	2426	2582
27	2355	2583
27	2355	2584
27	2339	2585
27	2339	2586
27	2460	2587
27	2460	2588
27	2299	2589
27	2299	2590
27	2314	2591
27	2314	2592
27	2400	2593
27	2400	2594
27	2295	2595
27	2295	2596
27	2161	2597
27	2161	2598
27	2223	2599
27	2223	2600
27	2255	2601
27	2255	2602
27	2366	2603
27	2366	2604
27	2220	2605
27	2220	2606
27	2283	2607
27	2283	2608
27	2395	2609
27	2395	2610
27	2331	2611
27	2331	2612
27	2327	2613
27	2327	2614
27	2286	2615
27	2286	2616
27	2413	2617
27	2413	2618
27	2437	2619
27	2437	2620
27	2397	2621
27	2397	2622
27	2468	2623
27	2468	2624
27	2303	2625
27	2303	2626
27	2407	2627
27	2407	2628
27	2160	2629
27	2160	2630
27	2463	2631
27	2463	2632
27	2417	2633
27	2417	2634
27	2469	2635
27	2469	2636
27	2159	2637
27	2159	2638
27	2248	2639
27	2248	2640
27	2431	2641
27	2431	2642
27	2313	2643
27	2313	2644
27	2428	2645
27	2428	2646
27	2369	2647
27	2369	2648
27	2325	2649
27	2325	2650
27	2305	2651
27	2305	2652
27	2322	2653
27	2322	2654
27	2196	2655
27	2196	2656
27	2210	2657
27	2210	2658
27	2448	2659
27	2448	2660
27	2278	2661
27	2278	2662
27	2204	2663
27	2204	2664
27	2459	2665
27	2459	2666
27	2257	2667
27	2257	2668
27	2245	2669
27	2245	2670
27	2288	2671
27	2288	2672
27	2453	2673
27	2453	2674
27	2349	2675
27	2349	2676
27	2445	2677
27	2445	2678
27	2174	2679
27	2174	2680
27	2318	2681
27	2318	2682
27	2168	2683
27	2168	2684
27	2218	2685
27	2218	2686
27	2272	2687
27	2272	2688
27	2388	2689
27	2388	2690
27	2156	2691
27	2156	2692
27	2330	2693
27	2330	2694
27	2472	2695
27	2472	2696
27	2359	2697
27	2359	2698
27	2187	2699
27	2187	2700
27	2280	2701
27	2280	2702
27	2203	2703
27	2203	2704
27	2260	2705
27	2260	2706
27	2209	2707
27	2209	2708
27	2321	2709
27	2321	2710
27	2147	2711
27	2147	2712
27	2277	2713
27	2277	2714
27	2244	2715
27	2244	2716
27	2348	2717
27	2348	2718
27	2458	2719
27	2458	2720
27	2319	2721
27	2319	2722
27	2352	2723
27	2352	2724
27	2387	2725
27	2387	2726
27	2444	2727
27	2444	2728
27	2273	2729
27	2273	2730
27	2449	2731
27	2449	2732
27	2276	2733
27	2276	2734
27	2201	2735
27	2201	2736
27	2230	2737
27	2230	2738
27	2216	2739
27	2216	2740
27	2338	2741
27	2338	2742
27	2434	2743
27	2434	2744
27	2157	2745
27	2157	2746
27	2301	2747
27	2301	2748
27	2466	2749
27	2466	2750
27	2380	2751
27	2380	2752
27	2310	2753
27	2310	2754
27	2237	2755
27	2237	2756
27	2356	2757
27	2356	2758
27	2170	2759
27	2170	2760
27	2374	2761
27	2374	2762
27	2234	2763
27	2234	2764
27	2268	2765
27	2268	2766
27	2179	2767
27	2179	2768
27	2412	2769
27	2412	2770
27	2197	2771
27	2197	2772
27	2386	2773
27	2386	2774
27	2176	2775
27	2176	2776
27	2408	2777
27	2408	2778
27	2328	2779
27	2328	2780
27	2302	2781
27	2302	2782
27	2373	2783
27	2373	2784
27	2471	2785
27	2471	2786
27	2389	2787
27	2389	2788
27	2184	2789
27	2184	2790
27	2401	2791
27	2401	2792
27	2239	2793
27	2239	2794
27	2385	2795
27	2385	2796
27	2291	2797
27	2291	2798
27	2350	2799
27	2350	2800
27	2378	2801
27	2378	2802
27	2148	2803
27	2148	2804
27	2240	2805
27	2240	2806
27	2167	2807
27	2167	2808
27	2367	2809
27	2367	2810
27	2447	2811
27	2447	2812
27	2436	2813
27	2436	2814
27	2403	2815
27	2403	2816
27	2284	2817
27	2284	2818
27	2190	2819
27	2190	2820
27	2320	2821
27	2320	2822
27	2289	2823
27	2289	2824
27	2394	2825
27	2394	2826
27	2297	2827
27	2297	2828
27	2404	2829
27	2404	2830
27	2153	2831
27	2153	2832
27	2433	2833
27	2433	2834
27	2219	2835
27	2219	2836
27	2383	2837
27	2383	2838
27	2343	2839
27	2343	2840
27	2242	2841
27	2242	2842
27	2200	2843
27	2200	2844
27	2256	2845
27	2256	2846
27	2306	2847
27	2306	2848
27	2391	2849
27	2391	2850
27	2429	2851
27	2429	2852
27	2402	2853
27	2402	2854
27	2264	2855
27	2264	2856
27	2199	2857
27	2199	2858
27	2344	2859
27	2344	2860
27	2441	2861
27	2441	2862
27	2238	2863
27	2238	2864
27	2357	2865
27	2357	2866
27	2323	2867
27	2323	2868
27	2424	2869
27	2424	2870
27	2228	2871
27	2228	2872
27	2390	2873
27	2390	2874
27	2193	2875
27	2193	2876
27	2300	2877
27	2300	2878
27	2361	2879
27	2361	2880
27	2225	2881
27	2225	2882
27	2171	2883
27	2171	2884
27	2180	2885
27	2180	2886
27	2249	2887
27	2249	2888
27	2393	2889
27	2393	2890
27	2435	2891
27	2435	2892
27	2217	2893
27	2217	2894
27	2293	2895
27	2293	2896
27	2399	2897
27	2399	2898
27	2275	2899
27	2275	2900
27	2270	2901
27	2270	2902
27	2392	2903
27	2392	2904
27	2465	2905
27	2465	2906
27	2266	2907
27	2266	2908
27	2418	2909
27	2418	2910
27	2186	2911
27	2186	2912
27	2450	2913
27	2450	2914
27	2253	2915
27	2253	2916
27	2419	2917
27	2419	2918
27	2335	2919
27	2335	2920
27	2211	2921
27	2211	2922
27	2215	2923
27	2215	2924
27	2368	2925
27	2368	2926
27	2213	2927
27	2213	2928
27	2178	2929
27	2178	2930
27	2329	2931
27	2329	2932
27	2182	2933
27	2182	2934
27	2464	2935
27	2464	2936
27	2164	2937
27	2164	2938
27	2155	2939
27	2155	2940
27	2332	2941
27	2332	2942
27	2221	2943
27	2221	2944
27	2166	2945
27	2166	2946
27	2473	2947
27	2473	2948
27	2476	2949
27	2476	2950
27	2478	2951
27	2478	2952
27	2481	2953
27	2481	2954
27	2482	2955
27	2482	2956
27	2485	2957
27	2485	2958
27	2486	2959
27	2486	2960
27	2489	2961
27	2489	2962
27	2491	2963
27	2491	2964
27	2495	2965
27	2495	2966
27	2496	2967
27	2496	2968
27	2497	2969
27	2497	2970
27	2499	2971
27	2499	2972
27	2500	2973
27	2500	2974
27	2501	2975
27	2501	2976
27	2505	2977
27	2505	2978
27	2507	2979
27	2507	2980
27	2508	2981
27	2508	2982
27	2509	2983
27	2509	2984
27	2510	2985
27	2510	2986
27	2511	2987
27	2511	2988
27	2512	2989
27	2512	2990
27	2513	2991
27	2513	2992
27	2514	2993
27	2514	2994
27	2515	2995
27	2515	2996
27	2516	2997
27	2516	2998
27	2520	2999
27	2520	3000
27	2531	3001
27	2531	3002
27	2535	3003
27	2535	3004
27	2521	3005
27	2521	3006
27	2536	3007
27	2536	3008
27	2543	3009
27	2543	3010
27	2545	3011
27	2545	3012
27	2534	3013
27	2534	3014
27	2537	3015
27	2537	3016
27	2540	3017
27	2540	3018
27	2526	3019
27	2526	3020
27	2529	3021
27	2529	3022
27	2527	3023
27	2527	3024
27	2542	3025
27	2542	3026
27	2523	3027
27	2523	3028
27	2522	3029
27	2522	3030
27	2546	3031
27	2546	3032
27	2547	3033
27	2547	3034
27	2548	3035
27	2548	3036
27	2551	3037
27	2551	3038
27	2552	3039
27	2552	3040
27	2553	3041
27	2553	3042
27	2554	3043
27	2554	3044
27	2555	3045
27	2555	3046
27	2559	3047
27	2559	3048
27	2560	3049
27	2560	3050
27	2561	3051
27	2561	3052
27	2564	3053
27	2564	3054
27	2165	3055
27	2165	3056
28	2629	3057
28	2629	3058
28	2801	3059
28	2801	3060
28	2729	3061
28	2729	3062
28	2880	3063
28	2880	3064
28	2727	3065
28	2727	3066
28	2878	3067
28	2878	3068
28	2824	3069
28	2824	3070
28	2876	3071
28	2876	3072
28	2773	3073
28	2773	3074
28	2753	3075
28	2753	3076
28	2767	3077
28	2767	3078
28	2920	3079
28	2920	3080
28	2671	3081
28	2671	3082
28	2917	3083
28	2917	3084
28	2760	3085
28	2760	3086
28	2798	3087
28	2798	3088
28	2852	3089
28	2852	3090
28	2918	3091
28	2918	3092
28	2750	3093
28	2750	3094
28	2657	3095
28	2657	3096
28	2772	3097
28	2772	3098
28	2720	3099
28	2720	3100
28	2896	3101
28	2896	3102
28	2854	3103
28	2854	3104
28	2763	3105
28	2763	3106
28	2912	3107
28	2912	3108
28	2640	3109
28	2640	3110
28	2899	3111
28	2899	3112
28	2741	3113
28	2741	3114
28	2857	3115
28	2857	3116
28	2745	3117
28	2745	3118
28	2844	3119
28	2844	3120
28	2840	3121
28	2840	3122
28	2808	3123
28	2808	3124
28	2805	3125
28	2805	3126
28	2943	3127
28	2943	3128
28	2747	3129
28	2747	3130
28	2932	3131
28	2932	3132
28	2583	3133
28	2583	3134
28	2903	3135
28	2903	3136
28	2688	3137
28	2688	3138
28	2946	3139
28	2946	3140
28	2842	3141
28	2842	3142
28	2758	3143
28	2758	3144
28	2837	3145
28	2837	3146
28	2835	3147
28	2835	3148
28	2744	3149
28	2744	3150
28	2819	3151
28	2819	3152
28	2596	3153
28	2596	3154
28	2579	3155
28	2579	3156
28	2726	3157
28	2726	3158
28	2884	3159
28	2884	3160
28	2937	3161
28	2937	3162
28	2607	3163
28	2607	3164
28	2653	3165
28	2653	3166
28	2751	3167
28	2751	3168
28	2832	3169
28	2832	3170
28	2636	3171
28	2636	3172
28	2831	3173
28	2831	3174
28	2643	3175
28	2643	3176
28	2639	3177
28	2639	3178
28	2929	3179
28	2929	3180
28	2804	3181
28	2804	3182
28	2897	3183
28	2897	3184
28	2898	3185
28	2898	3186
28	2588	3187
28	2588	3188
28	2906	3189
28	2906	3190
28	2566	3191
28	2566	3192
28	2652	3193
28	2652	3194
28	2926	3195
28	2926	3196
28	2584	3197
28	2584	3198
28	2794	3199
28	2794	3200
28	2778	3201
28	2778	3202
28	2881	3203
28	2881	3204
28	2646	3205
28	2646	3206
28	2839	3207
28	2839	3208
28	2866	3209
28	2866	3210
28	2578	3211
28	2578	3212
28	2719	3213
28	2719	3214
28	2862	3215
28	2862	3216
28	2698	3217
28	2698	3218
28	2768	3219
28	2768	3220
28	2654	3221
28	2654	3222
28	2849	3223
28	2849	3224
28	2697	3225
28	2697	3226
28	2616	3227
28	2616	3228
28	2718	3229
28	2718	3230
28	2757	3231
28	2757	3232
28	2855	3233
28	2855	3234
28	2888	3235
28	2888	3236
28	2625	3237
28	2625	3238
28	2764	3239
28	2764	3240
28	2829	3241
28	2829	3242
28	2702	3243
28	2702	3244
28	2701	3245
28	2701	3246
28	2941	3247
28	2941	3248
28	2914	3249
28	2914	3250
28	2684	3251
28	2684	3252
28	2799	3253
28	2799	3254
28	2809	3255
28	2809	3256
28	2665	3257
28	2665	3258
28	2787	3259
28	2787	3260
28	2807	3261
28	2807	3262
28	2675	3263
28	2675	3264
28	2694	3265
28	2694	3266
28	2931	3267
28	2931	3268
28	2892	3269
28	2892	3270
28	2770	3271
28	2770	3272
28	2737	3273
28	2737	3274
28	2598	3275
28	2598	3276
28	2780	3277
28	2780	3278
28	2755	3279
28	2755	3280
28	2595	3281
28	2595	3282
28	2679	3283
28	2679	3284
28	2735	3285
28	2735	3286
28	2680	3287
28	2680	3288
28	2690	3289
28	2690	3290
28	2648	3291
28	2648	3292
28	2925	3293
28	2925	3294
28	2661	3295
28	2661	3296
28	2617	3297
28	2617	3298
28	2936	3299
28	2936	3300
28	2659	3301
28	2659	3302
28	2924	3303
28	2924	3304
28	2786	3305
28	2786	3306
28	2586	3307
28	2586	3308
28	2890	3309
28	2890	3310
28	2650	3311
28	2650	3312
28	2783	3313
28	2783	3314
28	2800	3315
28	2800	3316
28	2802	3317
28	2802	3318
28	2817	3319
28	2817	3320
28	2797	3321
28	2797	3322
28	2856	3323
28	2856	3324
28	2740	3325
28	2740	3326
28	2784	3327
28	2784	3328
28	2676	3329
28	2676	3330
28	2674	3331
28	2674	3332
28	2658	3333
28	2658	3334
28	2858	3335
28	2858	3336
28	2748	3337
28	2748	3338
28	2613	3339
28	2613	3340
28	2580	3341
28	2580	3342
28	2601	3343
28	2601	3344
28	2728	3345
28	2728	3346
28	2627	3347
28	2627	3348
28	2901	3349
28	2901	3350
28	2754	3351
28	2754	3352
28	2567	3353
28	2567	3354
28	2600	3355
28	2600	3356
28	2608	3357
28	2608	3358
28	2722	3359
28	2722	3360
28	2850	3361
28	2850	3362
28	2891	3363
28	2891	3364
28	2810	3365
28	2810	3366
28	2885	3367
28	2885	3368
28	2611	3369
28	2611	3370
28	2632	3371
28	2632	3372
28	2673	3373
28	2673	3374
28	2870	3375
28	2870	3376
28	2594	3377
28	2594	3378
28	2872	3379
28	2872	3380
28	2647	3381
28	2647	3382
28	2573	3383
28	2573	3384
28	2576	3385
28	2576	3386
28	2806	3387
28	2806	3388
28	2602	3389
28	2602	3390
28	2703	3391
28	2703	3392
28	2570	3393
28	2570	3394
28	2816	3395
28	2816	3396
28	2871	3397
28	2871	3398
28	2624	3399
28	2624	3400
28	2826	3401
28	2826	3402
28	2930	3403
28	2930	3404
28	2585	3405
28	2585	3406
28	2635	3407
28	2635	3408
28	2889	3409
28	2889	3410
28	2865	3411
28	2865	3412
28	2779	3413
28	2779	3414
28	2678	3415
28	2678	3416
28	2916	3417
28	2916	3418
28	2869	3419
28	2869	3420
28	2775	3421
28	2775	3422
28	2714	3423
28	2714	3424
28	2670	3425
28	2670	3426
28	2712	3427
28	2712	3428
28	2730	3429
28	2730	3430
28	2944	3431
28	2944	3432
28	2791	3433
28	2791	3434
28	2959	3435
28	2959	3436
28	2949	3437
28	2949	3438
28	2967	3439
28	2967	3440
28	2970	3441
28	2970	3442
28	2950	3443
28	2950	3444
28	2988	3445
28	2988	3446
28	2947	3447
28	2947	3448
28	2956	3449
28	2956	3450
28	2989	3451
28	2989	3452
28	2994	3453
28	2994	3454
28	2977	3455
28	2977	3456
28	2990	3457
28	2990	3458
28	2951	3459
28	2951	3460
28	2979	3461
28	2979	3462
28	2996	3463
28	2996	3464
28	2969	3465
28	2969	3466
28	2952	3467
28	2952	3468
28	2965	3469
28	2965	3470
28	2964	3471
28	2964	3472
28	2958	3473
28	2958	3474
28	2995	3475
28	2995	3476
28	2986	3477
28	2986	3478
28	2966	3479
28	2966	3480
28	2975	3481
28	2975	3482
28	2960	3483
28	2960	3484
28	3000	3485
28	3000	3486
28	2974	3487
28	2974	3488
28	2985	3489
28	2985	3490
28	2954	3491
28	2954	3492
28	2997	3493
28	2997	3494
28	2961	3495
28	2961	3496
28	2968	3497
28	2968	3498
28	2963	3499
28	2963	3500
28	3007	3501
28	3007	3502
28	3005	3503
28	3005	3504
28	3021	3505
28	3021	3506
28	3032	3507
28	3032	3508
28	3006	3509
28	3006	3510
28	3030	3511
28	3030	3512
28	3018	3513
28	3018	3514
28	3008	3515
28	3008	3516
28	3017	3517
28	3017	3518
28	3029	3519
28	3029	3520
28	3012	3521
28	3012	3522
28	3015	3523
28	3015	3524
28	3003	3525
28	3003	3526
28	3016	3527
28	3016	3528
28	3014	3529
28	3014	3530
28	3031	3531
28	3031	3532
28	3022	3533
28	3022	3534
28	3004	3535
28	3004	3536
28	3033	3537
28	3033	3538
28	3035	3539
28	3035	3540
28	3036	3541
28	3036	3542
28	3037	3543
28	3037	3544
28	3042	3545
28	3042	3546
28	3044	3547
28	3044	3548
28	3045	3549
28	3045	3550
28	3046	3551
28	3046	3552
28	3048	3553
28	3048	3554
28	3049	3555
28	3049	3556
28	3050	3557
28	3050	3558
28	3052	3559
28	3052	3560
28	3053	3561
28	3053	3562
28	3054	3563
28	3054	3564
28	2953	3565
28	2953	3566
29	3256	3567
29	3256	3568
29	3206	3569
29	3206	3570
29	3380	3571
29	3380	3572
29	3399	3573
29	3399	3574
29	3128	3575
29	3128	3576
29	3065	3577
29	3065	3578
29	3148	3579
29	3148	3580
29	3385	3581
29	3385	3582
29	3379	3583
29	3379	3584
29	3066	3585
29	3066	3586
29	3160	3587
29	3160	3588
29	3267	3589
29	3267	3590
29	3417	3591
29	3417	3592
29	3375	3593
29	3375	3594
29	3393	3595
29	3393	3596
29	3143	3597
29	3143	3598
29	3281	3599
29	3281	3600
29	3204	3601
29	3204	3602
29	3200	3603
29	3200	3604
29	3083	3605
29	3083	3606
29	3103	3607
29	3103	3608
29	3071	3609
29	3071	3610
29	3246	3611
29	3246	3612
29	3242	3613
29	3242	3614
29	3240	3615
29	3240	3616
29	3110	3617
29	3110	3618
29	3427	3619
29	3427	3620
29	3190	3621
29	3190	3622
29	3346	3623
29	3346	3624
29	3269	3625
29	3269	3626
29	3423	3627
29	3423	3628
29	3391	3629
29	3391	3630
29	3432	3631
29	3432	3632
29	3254	3633
29	3254	3634
29	3131	3635
29	3131	3636
29	3353	3637
29	3353	3638
29	3263	3639
29	3263	3640
29	3306	3641
29	3306	3642
29	3168	3643
29	3168	3644
29	3118	3645
29	3118	3646
29	3398	3647
29	3398	3648
29	3362	3649
29	3362	3650
29	3139	3651
29	3139	3652
29	3343	3653
29	3343	3654
29	3059	3655
29	3059	3656
29	3247	3657
29	3247	3658
29	3307	3659
29	3307	3660
29	3382	3661
29	3382	3662
29	3062	3663
29	3062	3664
29	3392	3665
29	3392	3666
29	3243	3667
29	3243	3668
29	3404	3669
29	3404	3670
29	3421	3671
29	3421	3672
29	3278	3673
29	3278	3674
29	3407	3675
29	3407	3676
29	3146	3677
29	3146	3678
29	3397	3679
29	3397	3680
29	3186	3681
29	3186	3682
29	3098	3683
29	3098	3684
29	3127	3685
29	3127	3686
29	3335	3687
29	3335	3688
29	3280	3689
29	3280	3690
29	3194	3691
29	3194	3692
29	3345	3693
29	3345	3694
29	3308	3695
29	3308	3696
29	3189	3697
29	3189	3698
29	3297	3699
29	3297	3700
29	3351	3701
29	3351	3702
29	3274	3703
29	3274	3704
29	3158	3705
29	3158	3706
29	3323	3707
29	3323	3708
29	3193	3709
29	3193	3710
29	3336	3711
29	3336	3712
29	3371	3713
29	3371	3714
29	3431	3715
29	3431	3716
29	3275	3717
29	3275	3718
29	3114	3719
29	3114	3720
29	3341	3721
29	3341	3722
29	3144	3723
29	3144	3724
29	3310	3725
29	3310	3726
29	3109	3727
29	3109	3728
29	3218	3729
29	3218	3730
29	3199	3731
29	3199	3732
29	3419	3733
29	3419	3734
29	3413	3735
29	3413	3736
29	3358	3737
29	3358	3738
29	3318	3739
29	3318	3740
29	3192	3741
29	3192	3742
29	3220	3743
29	3220	3744
29	3429	3745
29	3429	3746
29	3078	3747
29	3078	3748
29	3219	3749
29	3219	3750
29	3292	3751
29	3292	3752
29	3426	3753
29	3426	3754
29	3068	3755
29	3068	3756
29	3282	3757
29	3282	3758
29	3080	3759
29	3080	3760
29	3208	3761
29	3208	3762
29	3433	3763
29	3433	3764
29	3216	3765
29	3216	3766
29	3359	3767
29	3359	3768
29	3211	3769
29	3211	3770
29	3367	3771
29	3367	3772
29	3133	3773
29	3133	3774
29	3372	3775
29	3372	3776
29	3233	3777
29	3233	3778
29	3283	3779
29	3283	3780
29	3085	3781
29	3085	3782
29	3187	3783
29	3187	3784
29	3105	3785
29	3105	3786
29	3082	3787
29	3082	3788
29	3249	3789
29	3249	3790
29	3073	3791
29	3073	3792
29	3259	3793
29	3259	3794
29	3406	3795
29	3406	3796
29	3383	3797
29	3383	3798
29	3395	3799
29	3395	3800
29	3099	3801
29	3099	3802
29	3291	3803
29	3291	3804
29	3298	3805
29	3298	3806
29	3272	3807
29	3272	3808
29	3416	3809
29	3416	3810
29	3377	3811
29	3377	3812
29	3350	3813
29	3350	3814
29	3374	3815
29	3374	3816
29	3173	3817
29	3173	3818
29	3241	3819
29	3241	3820
29	3387	3821
29	3387	3822
29	3356	3823
29	3356	3824
29	3063	3825
29	3063	3826
29	3205	3827
29	3205	3828
29	3293	3829
29	3293	3830
29	3182	3831
29	3182	3832
29	3112	3833
29	3112	3834
29	3327	3835
29	3327	3836
29	3410	3837
29	3410	3838
29	3389	3839
29	3389	3840
29	3201	3841
29	3201	3842
29	3329	3843
29	3329	3844
29	3075	3845
29	3075	3846
29	3136	3847
29	3136	3848
29	3384	3849
29	3384	3850
29	3157	3851
29	3157	3852
29	3180	3853
29	3180	3854
29	3122	3855
29	3122	3856
29	3121	3857
29	3121	3858
29	3430	3859
29	3430	3860
29	3424	3861
29	3424	3862
29	3396	3863
29	3396	3864
29	3089	3865
29	3089	3866
29	3405	3867
29	3405	3868
29	3251	3869
29	3251	3870
29	3150	3871
29	3150	3872
29	3236	3873
29	3236	3874
29	3227	3875
29	3227	3876
29	3188	3877
29	3188	3878
29	3370	3879
29	3370	3880
29	3355	3881
29	3355	3882
29	3060	3883
29	3060	3884
29	3101	3885
29	3101	3886
29	3222	3887
29	3222	3888
29	3159	3889
29	3159	3890
29	3213	3891
29	3213	3892
29	3087	3893
29	3087	3894
29	3145	3895
29	3145	3896
29	3175	3897
29	3175	3898
29	3076	3899
29	3076	3900
29	3181	3901
29	3181	3902
29	3248	3903
29	3248	3904
29	3245	3905
29	3245	3906
29	3091	3907
29	3091	3908
29	3079	3909
29	3079	3910
29	3257	3911
29	3257	3912
29	3347	3913
29	3347	3914
29	3244	3915
29	3244	3916
29	3130	3917
29	3130	3918
29	3420	3919
29	3420	3920
29	3411	3921
29	3411	3922
29	3138	3923
29	3138	3924
29	3401	3925
29	3401	3926
29	3177	3927
29	3177	3928
29	3115	3929
29	3115	3930
29	3303	3931
29	3303	3932
29	3081	3933
29	3081	3934
29	3196	3935
29	3196	3936
29	3228	3937
29	3228	3938
29	3260	3939
29	3260	3940
29	3373	3941
29	3373	3942
29	3388	3943
29	3388	3944
29	3147	3945
29	3147	3946
29	3095	3947
29	3095	3948
29	3061	3949
29	3061	3950
29	3072	3951
29	3072	3952
29	3113	3953
29	3113	3954
29	3408	3955
29	3408	3956
29	3368	3957
29	3368	3958
29	3134	3959
29	3134	3960
29	3154	3961
29	3154	3962
29	3266	3963
29	3266	3964
29	3129	3965
29	3129	3966
29	3287	3967
29	3287	3968
29	3325	3969
29	3325	3970
29	3295	3971
29	3295	3972
29	3344	3973
29	3344	3974
29	3418	3975
29	3418	3976
29	3290	3977
29	3290	3978
29	3312	3979
29	3312	3980
29	3422	3981
29	3422	3982
29	3140	3983
29	3140	3984
29	3120	3985
29	3120	3986
29	3425	3987
29	3425	3988
29	3262	3989
29	3262	3990
29	3223	3991
29	3223	3992
29	3074	3993
29	3074	3994
29	3469	3995
29	3469	3996
29	3477	3997
29	3477	3998
29	3478	3999
29	3478	4000
29	3488	4001
29	3488	4002
29	3470	4003
29	3470	4004
29	3476	4005
29	3476	4006
29	3462	4007
29	3462	4008
29	3463	4009
29	3463	4010
29	3435	4011
29	3435	4012
29	3456	4013
29	3456	4014
29	3499	4015
29	3499	4016
29	3465	4017
29	3465	4018
29	3443	4019
29	3443	4020
29	3438	4021
29	3438	4022
29	3448	4023
29	3448	4024
29	3490	4025
29	3490	4026
29	3495	4027
29	3495	4028
29	3464	4029
29	3464	4030
29	3441	4031
29	3441	4032
29	3460	4033
29	3460	4034
29	3479	4035
29	3479	4036
29	3437	4037
29	3437	4038
29	3454	4039
29	3454	4040
29	3466	4041
29	3466	4042
29	3474	4043
29	3474	4044
29	3468	4045
29	3468	4046
29	3492	4047
29	3492	4048
29	3455	4049
29	3455	4050
29	3500	4051
29	3500	4052
29	3484	4053
29	3484	4054
29	3482	4055
29	3482	4056
29	3458	4057
29	3458	4058
29	3472	4059
29	3472	4060
29	3461	4061
29	3461	4062
29	3487	4063
29	3487	4064
29	3486	4065
29	3486	4066
29	3494	4067
29	3494	4068
29	3498	4069
29	3498	4070
29	3445	4071
29	3445	4072
29	3457	4073
29	3457	4074
29	3481	4075
29	3481	4076
29	3483	4077
29	3483	4078
29	3475	4079
29	3475	4080
29	3444	4081
29	3444	4082
29	3450	4083
29	3450	4084
29	3509	4085
29	3509	4086
29	3528	4087
29	3528	4088
29	3513	4089
29	3513	4090
29	3507	4091
29	3507	4092
29	3503	4093
29	3503	4094
29	3523	4095
29	3523	4096
29	3529	4097
29	3529	4098
29	3534	4099
29	3534	4100
29	3517	4101
29	3517	4102
29	3527	4103
29	3527	4104
29	3536	4105
29	3536	4106
29	3511	4107
29	3511	4108
29	3516	4109
29	3516	4110
29	3522	4111
29	3522	4112
29	3512	4113
29	3512	4114
29	3504	4115
29	3504	4116
29	3501	4117
29	3501	4118
29	3524	4119
29	3524	4120
29	3533	4121
29	3533	4122
29	3519	4123
29	3519	4124
29	3505	4125
29	3505	4126
29	3535	4127
29	3535	4128
29	3508	4129
29	3508	4130
29	3532	4131
29	3532	4132
29	3537	4133
29	3537	4134
29	3538	4135
29	3538	4136
29	3539	4137
29	3539	4138
29	3540	4139
29	3540	4140
29	3541	4141
29	3541	4142
29	3542	4143
29	3542	4144
29	3544	4145
29	3544	4146
29	3545	4147
29	3545	4148
29	3547	4149
29	3547	4150
29	3549	4151
29	3549	4152
29	3551	4153
29	3551	4154
29	3552	4155
29	3552	4156
29	3553	4157
29	3553	4158
29	3554	4159
29	3554	4160
29	3555	4161
29	3555	4162
29	3556	4163
29	3556	4164
29	3557	4165
29	3557	4166
29	3558	4167
29	3558	4168
29	3559	4169
29	3559	4170
29	3560	4171
29	3560	4172
29	3561	4173
29	3561	4174
29	3564	4175
29	3564	4176
29	3566	4177
29	3566	4178
29	3491	4179
29	3491	4180
29	3506	4181
29	3506	4182
30	3688	4183
30	3688	4184
30	3764	4185
30	3764	4186
30	3856	4187
30	3856	4188
30	3584	4189
30	3584	4190
30	3892	4191
30	3892	4192
30	3927	4193
30	3927	4194
30	3876	4195
30	3876	4196
30	3713	4197
30	3713	4198
30	3755	4199
30	3755	4200
30	3648	4201
30	3648	4202
30	3846	4203
30	3846	4204
30	3842	4205
30	3842	4206
30	3840	4207
30	3840	4208
30	3790	4209
30	3790	4210
30	3623	4211
30	3623	4212
30	3921	4213
30	3921	4214
30	3591	4215
30	3591	4216
30	3963	4217
30	3963	4218
30	3793	4219
30	3793	4220
30	3887	4221
30	3887	4222
30	3653	4223
30	3653	4224
30	3720	4225
30	3720	4226
30	3734	4227
30	3734	4228
30	3895	4229
30	3895	4230
30	3594	4231
30	3594	4232
30	3975	4233
30	3975	4234
30	3724	4235
30	3724	4236
30	3937	4237
30	3937	4238
30	3861	4239
30	3861	4240
30	3891	4241
30	3891	4242
30	3907	4243
30	3907	4244
30	3816	4245
30	3816	4246
30	3621	4247
30	3621	4248
30	3905	4249
30	3905	4250
30	3721	4251
30	3721	4252
30	3972	4253
30	3972	4254
30	3890	4255
30	3890	4256
30	3669	4257
30	3669	4258
30	3630	4259
30	3630	4260
30	3659	4261
30	3659	4262
30	3625	4263
30	3625	4264
30	3628	4265
30	3628	4266
30	3674	4267
30	3674	4268
30	3771	4269
30	3771	4270
30	3754	4271
30	3754	4272
30	3973	4273
30	3973	4274
30	3784	4275
30	3784	4276
30	3827	4277
30	3827	4278
30	3787	4279
30	3787	4280
30	3637	4281
30	3637	4282
30	3852	4283
30	3852	4284
30	3742	4285
30	3742	4286
30	3694	4287
30	3694	4288
30	3989	4289
30	3989	4290
30	3678	4291
30	3678	4292
30	3836	4293
30	3836	4294
30	3964	4295
30	3964	4296
30	3803	4297
30	3803	4298
30	3785	4299
30	3785	4300
30	3765	4301
30	3765	4302
30	3732	4303
30	3732	4304
30	3738	4305
30	3738	4306
30	3598	4307
30	3598	4308
30	3796	4309
30	3796	4310
30	3802	4311
30	3802	4312
30	3646	4313
30	3646	4314
30	3823	4315
30	3823	4316
30	3589	4317
30	3589	4318
30	3740	4319
30	3740	4320
30	3613	4321
30	3613	4322
30	3643	4323
30	3643	4324
30	3949	4325
30	3949	4326
30	3639	4327
30	3639	4328
30	3577	4329
30	3577	4330
30	3870	4331
30	3870	4332
30	3806	4333
30	3806	4334
30	3692	4335
30	3692	4336
30	3610	4337
30	3610	4338
30	3820	4339
30	3820	4340
30	3714	4341
30	3714	4342
30	3604	4343
30	3604	4344
30	3855	4345
30	3855	4346
30	3979	4347
30	3979	4348
30	3676	4349
30	3676	4350
30	3670	4351
30	3670	4352
30	3918	4353
30	3918	4354
30	3736	4355
30	3736	4356
30	3766	4357
30	3766	4358
30	3753	4359
30	3753	4360
30	3683	4361
30	3683	4362
30	3696	4363
30	3696	4364
30	3774	4365
30	3774	4366
30	3690	4367
30	3690	4368
30	3801	4369
30	3801	4370
30	3960	4371
30	3960	4372
30	3597	4373
30	3597	4374
30	3756	4375
30	3756	4376
30	3889	4377
30	3889	4378
30	3993	4379
30	3993	4380
30	3917	4381
30	3917	4382
30	3974	4383
30	3974	4384
30	3977	4385
30	3977	4386
30	3587	4387
30	3587	4388
30	3592	4389
30	3592	4390
30	3826	4391
30	3826	4392
30	3729	4393
30	3729	4394
30	3850	4395
30	3850	4396
30	3582	4397
30	3582	4398
30	3955	4399
30	3955	4400
30	3770	4401
30	3770	4402
30	3728	4403
30	3728	4404
30	3695	4405
30	3695	4406
30	3614	4407
30	3614	4408
30	3962	4409
30	3962	4410
30	3681	4411
30	3681	4412
30	3810	4413
30	3810	4414
30	3901	4415
30	3901	4416
30	3841	4417
30	3841	4418
30	3936	4419
30	3936	4420
30	3923	4421
30	3923	4422
30	3682	4423
30	3682	4424
30	3848	4425
30	3848	4426
30	3940	4427
30	3940	4428
30	3730	4429
30	3730	4430
30	3702	4431
30	3702	4432
30	3725	4433
30	3725	4434
30	3941	4435
30	3941	4436
30	3872	4437
30	3872	4438
30	3900	4439
30	3900	4440
30	3821	4441
30	3821	4442
30	3711	4443
30	3711	4444
30	3942	4445
30	3942	4446
30	3735	4447
30	3735	4448
30	3611	4449
30	3611	4450
30	3673	4451
30	3673	4452
30	3932	4453
30	3932	4454
30	3675	4455
30	3675	4456
30	3897	4457
30	3897	4458
30	3579	4459
30	3579	4460
30	3596	4461
30	3596	4462
30	3671	4463
30	3671	4464
30	3809	4465
30	3809	4466
30	3575	4467
30	3575	4468
30	3882	4469
30	3882	4470
30	3590	4471
30	3590	4472
30	3570	4473
30	3570	4474
30	3884	4475
30	3884	4476
30	3680	4477
30	3680	4478
30	3966	4479
30	3966	4480
30	3644	4481
30	3644	4482
30	3919	4483
30	3919	4484
30	3706	4485
30	3706	4486
30	3758	4487
30	3758	4488
30	3815	4489
30	3815	4490
30	3709	4491
30	3709	4492
30	3767	4493
30	3767	4494
30	3935	4495
30	3935	4496
30	3899	4497
30	3899	4498
30	3896	4499
30	3896	4500
30	3743	4501
30	3743	4502
30	3939	4503
30	3939	4504
30	3908	4505
30	3908	4506
30	3811	4507
30	3811	4508
30	3781	4509
30	3781	4510
30	3726	4511
30	3726	4512
30	3931	4513
30	3931	4514
30	3666	4515
30	3666	4516
30	3677	4517
30	3677	4518
30	3959	4519
30	3959	4520
30	3655	4521
30	3655	4522
30	3914	4523
30	3914	4524
30	3849	4525
30	3849	4526
30	3588	4527
30	3588	4528
30	3763	4529
30	3763	4530
30	3761	4531
30	3761	4532
30	3703	4533
30	3703	4534
30	3982	4535
30	3982	4536
30	3906	4537
30	3906	4538
30	3619	4539
30	3619	4540
30	3991	4541
30	3991	4542
30	3984	4543
30	3984	4544
30	3747	4545
30	3747	4546
30	3878	4547
30	3878	4548
30	3865	4549
30	3865	4550
30	3792	4551
30	3792	4552
30	3786	4553
30	3786	4554
30	3715	4555
30	3715	4556
30	3814	4557
30	3814	4558
30	3746	4559
30	3746	4560
30	3622	4561
30	3622	4562
30	3881	4563
30	3881	4564
30	3946	4565
30	3946	4566
30	3789	4567
30	3789	4568
30	3843	4569
30	3843	4570
30	3636	4571
30	3636	4572
30	3879	4573
30	3879	4574
30	3956	4575
30	3956	4576
30	3760	4577
30	3760	4578
30	3799	4579
30	3799	4580
30	3832	4581
30	3832	4582
30	3778	4583
30	3778	4584
30	3602	4585
30	3602	4586
30	3776	4587
30	3776	4588
30	3833	4589
30	3833	4590
30	3929	4591
30	3929	4592
30	3581	4593
30	3581	4594
30	3707	4595
30	3707	4596
30	3915	4597
30	3915	4598
30	3568	4599
30	3568	4600
30	3928	4601
30	3928	4602
30	3904	4603
30	3904	4604
30	3916	4605
30	3916	4606
30	3828	4607
30	3828	4608
30	3807	4609
30	3807	4610
30	3684	4611
30	3684	4612
30	3656	4613
30	3656	4614
30	3952	4615
30	3952	4616
30	3812	4617
30	3812	4618
30	3800	4619
30	3800	4620
30	3580	4621
30	3580	4622
30	3658	4623
30	3658	4624
30	3898	4625
30	3898	4626
30	3911	4627
30	3911	4628
30	3926	4629
30	3926	4630
30	3710	4631
30	3710	4632
30	3822	4633
30	3822	4634
30	3930	4635
30	3930	4636
30	3741	4637
30	3741	4638
30	3633	4639
30	3633	4640
30	3657	4641
30	3657	4642
30	3885	4643
30	3885	4644
30	3934	4645
30	3934	4646
30	3863	4647
30	3863	4648
30	3945	4649
30	3945	4650
30	3616	4651
30	3616	4652
30	3727	4653
30	3727	4654
30	3817	4655
30	3817	4656
30	4004	4657
30	4004	4658
30	4058	4659
30	4058	4660
30	4061	4661
30	4061	4662
30	4015	4663
30	4015	4664
30	3996	4665
30	3996	4666
30	4019	4667
30	4019	4668
30	4066	4669
30	4066	4670
30	4064	4671
30	4064	4672
30	4067	4673
30	4067	4674
30	4017	4675
30	4017	4676
30	4009	4677
30	4009	4678
30	3997	4679
30	3997	4680
30	4073	4681
30	4073	4682
30	4080	4683
30	4080	4684
30	4018	4685
30	4018	4686
30	3995	4687
30	3995	4688
30	4063	4689
30	4063	4690
30	4071	4691
30	4071	4692
30	4069	4693
30	4069	4694
30	4050	4695
30	4050	4696
30	4046	4697
30	4046	4698
30	4030	4699
30	4030	4700
30	4047	4701
30	4047	4702
30	4048	4703
30	4048	4704
30	4076	4705
30	4076	4706
30	4062	4707
30	4062	4708
30	4003	4709
30	4003	4710
30	4038	4711
30	4038	4712
30	4016	4713
30	4016	4714
30	4036	4715
30	4036	4716
30	4021	4717
30	4021	4718
30	4054	4719
30	4054	4720
30	4045	4721
30	4045	4722
30	4052	4723
30	4052	4724
30	4029	4725
30	4029	4726
30	4040	4727
30	4040	4728
30	4059	4729
30	4059	4730
30	4070	4731
30	4070	4732
30	4023	4733
30	4023	4734
30	4043	4735
30	4043	4736
30	4028	4737
30	4028	4738
30	4024	4739
30	4024	4740
30	4055	4741
30	4055	4742
30	4075	4743
30	4075	4744
30	4037	4745
30	4037	4746
30	4033	4747
30	4033	4748
30	4002	4749
30	4002	4750
30	4041	4751
30	4041	4752
30	4051	4753
30	4051	4754
30	4025	4755
30	4025	4756
30	4000	4757
30	4000	4758
30	4083	4759
30	4083	4760
30	4081	4761
30	4081	4762
30	4039	4763
30	4039	4764
30	4082	4765
30	4082	4766
30	4085	4767
30	4085	4768
30	4086	4769
30	4086	4770
30	4087	4771
30	4087	4772
30	4088	4773
30	4088	4774
30	4089	4775
30	4089	4776
30	4090	4777
30	4090	4778
30	4091	4779
30	4091	4780
30	4093	4781
30	4093	4782
30	4094	4783
30	4094	4784
30	4096	4785
30	4096	4786
30	4097	4787
30	4097	4788
30	4099	4789
30	4099	4790
30	4100	4791
30	4100	4792
30	4103	4793
30	4103	4794
30	4104	4795
30	4104	4796
30	4106	4797
30	4106	4798
30	4107	4799
30	4107	4800
30	4108	4801
30	4108	4802
30	4110	4803
30	4110	4804
30	4111	4805
30	4111	4806
30	4112	4807
30	4112	4808
30	4114	4809
30	4114	4810
30	4115	4811
30	4115	4812
30	4116	4813
30	4116	4814
30	4117	4815
30	4117	4816
30	4118	4817
30	4118	4818
30	4120	4819
30	4120	4820
30	4121	4821
30	4121	4822
30	4122	4823
30	4122	4824
30	4123	4825
30	4123	4826
30	4124	4827
30	4124	4828
30	4125	4829
30	4125	4830
30	4126	4831
30	4126	4832
30	4127	4833
30	4127	4834
30	4128	4835
30	4128	4836
30	4156	4837
30	4156	4838
30	4148	4839
30	4148	4840
30	4146	4841
30	4146	4842
30	4136	4843
30	4136	4844
30	4133	4845
30	4133	4846
30	4147	4847
30	4147	4848
30	4141	4849
30	4141	4850
30	4134	4851
30	4134	4852
30	4155	4853
30	4155	4854
30	4144	4855
30	4144	4856
30	4140	4857
30	4140	4858
30	4137	4859
30	4137	4860
30	4138	4861
30	4138	4862
30	4157	4863
30	4157	4864
30	4158	4865
30	4158	4866
30	4159	4867
30	4159	4868
30	4161	4869
30	4161	4870
30	4162	4871
30	4162	4872
30	4163	4873
30	4163	4874
30	4164	4875
30	4164	4876
30	4167	4877
30	4167	4878
30	4168	4879
30	4168	4880
30	4170	4881
30	4170	4882
30	4171	4883
30	4171	4884
30	4173	4885
30	4173	4886
30	4174	4887
30	4174	4888
30	4175	4889
30	4175	4890
30	4178	4891
30	4178	4892
30	4143	4893
30	4143	4894
31	4474	4895
31	4474	4896
31	4608	4897
31	4608	4898
31	4207	4899
31	4207	4900
31	4334	4901
31	4334	4902
31	4257	4903
31	4257	4904
31	4473	4905
31	4473	4906
31	4335	4907
31	4335	4908
31	4606	4909
31	4606	4910
31	4467	4911
31	4467	4912
31	4463	4913
31	4463	4914
31	4215	4915
31	4215	4916
31	4568	4917
31	4568	4918
31	4256	4919
31	4256	4920
31	4572	4921
31	4572	4922
31	4284	4923
31	4284	4924
31	4266	4925
31	4266	4926
31	4650	4927
31	4650	4928
31	4250	4929
31	4250	4930
31	4208	4931
31	4208	4932
31	4593	4933
31	4593	4934
31	4601	4935
31	4601	4936
31	4649	4937
31	4649	4938
31	4488	4939
31	4488	4940
31	4281	4941
31	4281	4942
31	4604	4943
31	4604	4944
31	4478	4945
31	4478	4946
31	4192	4947
31	4192	4948
31	4389	4949
31	4389	4950
31	4183	4951
31	4183	4952
31	4435	4953
31	4435	4954
31	4563	4955
31	4563	4956
31	4350	4957
31	4350	4958
31	4308	4959
31	4308	4960
31	4199	4961
31	4199	4962
31	4414	4963
31	4414	4964
31	4587	4965
31	4587	4966
31	4202	4967
31	4202	4968
31	4237	4969
31	4237	4970
31	4499	4971
31	4499	4972
31	4569	4973
31	4569	4974
31	4242	4975
31	4242	4976
31	4588	4977
31	4588	4978
31	4500	4979
31	4500	4980
31	4336	4981
31	4336	4982
31	4472	4983
31	4472	4984
31	4648	4985
31	4648	4986
31	4365	4987
31	4365	4988
31	4586	4989
31	4586	4990
31	4241	4991
31	4241	4992
31	4360	4993
31	4360	4994
31	4206	4995
31	4206	4996
31	4358	4997
31	4358	4998
31	4631	4999
31	4631	5000
31	4314	5001
31	4314	5002
31	4443	5003
31	4443	5004
31	4535	5005
31	4535	5006
31	4280	5007
31	4280	5008
31	4318	5009
31	4318	5010
31	4616	5011
31	4616	5012
31	4367	5013
31	4367	5014
31	4451	5015
31	4451	5016
31	4244	5017
31	4244	5018
31	4462	5019
31	4462	5020
31	4372	5021
31	4372	5022
31	4197	5023
31	4197	5024
31	4345	5025
31	4345	5026
31	4578	5027
31	4578	5028
31	4508	5029
31	4508	5030
31	4623	5031
31	4623	5032
31	4630	5033
31	4630	5034
31	4525	5035
31	4525	5036
31	4330	5037
31	4330	5038
31	4468	5039
31	4468	5040
31	4489	5041
31	4489	5042
31	4576	5043
31	4576	5044
31	4406	5045
31	4406	5046
31	4262	5047
31	4262	5048
31	4625	5049
31	4625	5050
31	4596	5051
31	4596	5052
31	4431	5053
31	4431	5054
31	4530	5055
31	4530	5056
31	4255	5057
31	4255	5058
31	4269	5059
31	4269	5060
31	4224	5061
31	4224	5062
31	4455	5063
31	4455	5064
31	4248	5065
31	4248	5066
31	4328	5067
31	4328	5068
31	4641	5069
31	4641	5070
31	4447	5071
31	4447	5072
31	4543	5073
31	4543	5074
31	4236	5075
31	4236	5076
31	4251	5077
31	4251	5078
31	4484	5079
31	4484	5080
31	4552	5081
31	4552	5082
31	4521	5083
31	4521	5084
31	4225	5085
31	4225	5086
31	4384	5087
31	4384	5088
31	4421	5089
31	4421	5090
31	4307	5091
31	4307	5092
31	4614	5093
31	4614	5094
31	4564	5095
31	4564	5096
31	4196	5097
31	4196	5098
31	4317	5099
31	4317	5100
31	4297	5101
31	4297	5102
31	4218	5103
31	4218	5104
31	4371	5105
31	4371	5106
31	4369	5107
31	4369	5108
31	4624	5109
31	4624	5110
31	4354	5111
31	4354	5112
31	4383	5113
31	4383	5114
31	4326	5115
31	4326	5116
31	4355	5117
31	4355	5118
31	4558	5119
31	4558	5120
31	4329	5121
31	4329	5122
31	4400	5123
31	4400	5124
31	4449	5125
31	4449	5126
31	4394	5127
31	4394	5128
31	4235	5129
31	4235	5130
31	4411	5131
31	4411	5132
31	4186	5133
31	4186	5134
31	4475	5135
31	4475	5136
31	4342	5137
31	4342	5138
31	4349	5139
31	4349	5140
31	4323	5141
31	4323	5142
31	4412	5143
31	4412	5144
31	4260	5145
31	4260	5146
31	4278	5147
31	4278	5148
31	4288	5149
31	4288	5150
31	4283	5151
31	4283	5152
31	4279	5153
31	4279	5154
31	4524	5155
31	4524	5156
31	4486	5157
31	4486	5158
31	4429	5159
31	4429	5160
31	4597	5161
31	4597	5162
31	4638	5163
31	4638	5164
31	4626	5165
31	4626	5166
31	4574	5167
31	4574	5168
31	4440	5169
31	4440	5170
31	4636	5171
31	4636	5172
31	4470	5173
31	4470	5174
31	4542	5175
31	4542	5176
31	4522	5177
31	4522	5178
31	4273	5179
31	4273	5180
31	4598	5181
31	4598	5182
31	4378	5183
31	4378	5184
31	4430	5185
31	4430	5186
31	4656	5187
31	4656	5188
31	4555	5189
31	4555	5190
31	4465	5191
31	4465	5192
31	4637	5193
31	4637	5194
31	4605	5195
31	4605	5196
31	4607	5197
31	4607	5198
31	4333	5199
31	4333	5200
31	4589	5201
31	4589	5202
31	4546	5203
31	4546	5204
31	4573	5205
31	4573	5206
31	4571	5207
31	4571	5208
31	4454	5209
31	4454	5210
31	4416	5211
31	4416	5212
31	4387	5213
31	4387	5214
31	4444	5215
31	4444	5216
31	4611	5217
31	4611	5218
31	4639	5219
31	4639	5220
31	4311	5221
31	4311	5222
31	4436	5223
31	4436	5224
31	4353	5225
31	4353	5226
31	4644	5227
31	4644	5228
31	4374	5229
31	4374	5230
31	4290	5231
31	4290	5232
31	4356	5233
31	4356	5234
31	4228	5235
31	4228	5236
31	4510	5237
31	4510	5238
31	4651	5239
31	4651	5240
31	4417	5241
31	4417	5242
31	4296	5243
31	4296	5244
31	4264	5245
31	4264	5246
31	4312	5247
31	4312	5248
31	4292	5249
31	4292	5250
31	4425	5251
31	4425	5252
31	4240	5253
31	4240	5254
31	4263	5255
31	4263	5256
31	4515	5257
31	4515	5258
31	4534	5259
31	4534	5260
31	4570	5261
31	4570	5262
31	4485	5263
31	4485	5264
31	4617	5265
31	4617	5266
31	4191	5267
31	4191	5268
31	4477	5269
31	4477	5270
31	4494	5271
31	4494	5272
31	4448	5273
31	4448	5274
31	4652	5275
31	4652	5276
31	4613	5277
31	4613	5278
31	4222	5279
31	4222	5280
31	4258	5281
31	4258	5282
31	4433	5283
31	4433	5284
31	4653	5285
31	4653	5286
31	4514	5287
31	4514	5288
31	4340	5289
31	4340	5290
31	4519	5291
31	4519	5292
31	4343	5293
31	4343	5294
31	4227	5295
31	4227	5296
31	4549	5297
31	4549	5298
31	4628	5299
31	4628	5300
31	4375	5301
31	4375	5302
31	4516	5303
31	4516	5304
31	4554	5305
31	4554	5306
31	4246	5307
31	4246	5308
31	4527	5309
31	4527	5310
31	4503	5311
31	4503	5312
31	4381	5313
31	4381	5314
31	4332	5315
31	4332	5316
31	4615	5317
31	4615	5318
31	4391	5319
31	4391	5320
31	4471	5321
31	4471	5322
31	4487	5323
31	4487	5324
31	4322	5325
31	4322	5326
31	4254	5327
31	4254	5328
31	4276	5329
31	4276	5330
31	4396	5331
31	4396	5332
31	4341	5333
31	4341	5334
31	4461	5335
31	4461	5336
31	4247	5337
31	4247	5338
31	4643	5339
31	4643	5340
31	4362	5341
31	4362	5342
31	4583	5343
31	4583	5344
31	4595	5345
31	4595	5346
31	4646	5347
31	4646	5348
31	4513	5349
31	4513	5350
31	4203	5351
31	4203	5352
31	4557	5353
31	4557	5354
31	4647	5355
31	4647	5356
31	4393	5357
31	4393	5358
31	4645	5359
31	4645	5360
31	4426	5361
31	4426	5362
31	4460	5363
31	4460	5364
31	4509	5365
31	4509	5366
31	4351	5367
31	4351	5368
31	4528	5369
31	4528	5370
31	4492	5371
31	4492	5372
31	4390	5373
31	4390	5374
31	4187	5375
31	4187	5376
31	4590	5377
31	4590	5378
31	4506	5379
31	4506	5380
31	4600	5381
31	4600	5382
31	4261	5383
31	4261	5384
31	4198	5385
31	4198	5386
31	4188	5387
31	4188	5388
31	4210	5389
31	4210	5390
31	4324	5391
31	4324	5392
31	4493	5393
31	4493	5394
31	4479	5395
31	4479	5396
31	4520	5397
31	4520	5398
31	4594	5399
31	4594	5400
31	4439	5401
31	4439	5402
31	4466	5403
31	4466	5404
31	4370	5405
31	4370	5406
31	4456	5407
31	4456	5408
31	4294	5409
31	4294	5410
31	4382	5411
31	4382	5412
31	4541	5413
31	4541	5414
31	4582	5415
31	4582	5416
31	4352	5417
31	4352	5418
31	4670	5419
31	4670	5420
31	4666	5421
31	4666	5422
31	4728	5423
31	4728	5424
31	4732	5425
31	4732	5426
31	4698	5427
31	4698	5428
31	4744	5429
31	4744	5430
31	4743	5431
31	4743	5432
31	4756	5433
31	4756	5434
31	4681	5435
31	4681	5436
31	4736	5437
31	4736	5438
31	4740	5439
31	4740	5440
31	4713	5441
31	4713	5442
31	4729	5443
31	4729	5444
31	4660	5445
31	4660	5446
31	4693	5447
31	4693	5448
31	4712	5449
31	4712	5450
31	4691	5451
31	4691	5452
31	4731	5453
31	4731	5454
31	4735	5455
31	4735	5456
31	4658	5457
31	4658	5458
31	4761	5459
31	4761	5460
31	4725	5461
31	4725	5462
31	4752	5463
31	4752	5464
31	4745	5465
31	4745	5466
31	4762	5467
31	4762	5468
31	4757	5469
31	4757	5470
31	4692	5471
31	4692	5472
31	4747	5473
31	4747	5474
31	4714	5475
31	4714	5476
31	4672	5477
31	4672	5478
31	4741	5479
31	4741	5480
31	4673	5481
31	4673	5482
31	4662	5483
31	4662	5484
31	4722	5485
31	4722	5486
31	4720	5487
31	4720	5488
31	4665	5489
31	4665	5490
31	4730	5491
31	4730	5492
31	4754	5493
31	4754	5494
31	4687	5495
31	4687	5496
31	4657	5497
31	4657	5498
31	4750	5499
31	4750	5500
31	4664	5501
31	4664	5502
31	4709	5503
31	4709	5504
31	4696	5505
31	4696	5506
31	4715	5507
31	4715	5508
31	4699	5509
31	4699	5510
31	4682	5511
31	4682	5512
31	4678	5513
31	4678	5514
31	4659	5515
31	4659	5516
31	4679	5517
31	4679	5518
31	4701	5519
31	4701	5520
31	4676	5521
31	4676	5522
31	4765	5523
31	4765	5524
31	4764	5525
31	4764	5526
31	4675	5527
31	4675	5528
31	4669	5529
31	4669	5530
31	4766	5531
31	4766	5532
31	4748	5533
31	4748	5534
31	4685	5535
31	4685	5536
31	4753	5537
31	4753	5538
31	4671	5539
31	4671	5540
31	4726	5541
31	4726	5542
31	4832	5543
31	4832	5544
31	4796	5545
31	4796	5546
31	4804	5547
31	4804	5548
31	4814	5549
31	4814	5550
31	4771	5551
31	4771	5552
31	4822	5553
31	4822	5554
31	4794	5555
31	4794	5556
31	4784	5557
31	4784	5558
31	4800	5559
31	4800	5560
31	4791	5561
31	4791	5562
31	4767	5563
31	4767	5564
31	4795	5565
31	4795	5566
31	4821	5567
31	4821	5568
31	4781	5569
31	4781	5570
31	4805	5571
31	4805	5572
31	4769	5573
31	4769	5574
31	4806	5575
31	4806	5576
31	4828	5577
31	4828	5578
31	4779	5579
31	4779	5580
31	4768	5581
31	4768	5582
31	4812	5583
31	4812	5584
31	4803	5585
31	4803	5586
31	4777	5587
31	4777	5588
31	4808	5589
31	4808	5590
31	4770	5591
31	4770	5592
31	4826	5593
31	4826	5594
31	4798	5595
31	4798	5596
31	4799	5597
31	4799	5598
31	4836	5599
31	4836	5600
31	4774	5601
31	4774	5602
31	4780	5603
31	4780	5604
31	4776	5605
31	4776	5606
31	4817	5607
31	4817	5608
31	4820	5609
31	4820	5610
31	4815	5611
31	4815	5612
31	4825	5613
31	4825	5614
31	4831	5615
31	4831	5616
31	4810	5617
31	4810	5618
31	4793	5619
31	4793	5620
31	4813	5621
31	4813	5622
31	4829	5623
31	4829	5624
31	4819	5625
31	4819	5626
31	4802	5627
31	4802	5628
31	4838	5629
31	4838	5630
31	4839	5631
31	4839	5632
31	4840	5633
31	4840	5634
31	4843	5635
31	4843	5636
31	4845	5637
31	4845	5638
31	4846	5639
31	4846	5640
31	4847	5641
31	4847	5642
31	4848	5643
31	4848	5644
31	4850	5645
31	4850	5646
31	4851	5647
31	4851	5648
31	4852	5649
31	4852	5650
31	4853	5651
31	4853	5652
31	4854	5653
31	4854	5654
31	4856	5655
31	4856	5656
31	4857	5657
31	4857	5658
31	4859	5659
31	4859	5660
31	4861	5661
31	4861	5662
31	4863	5663
31	4863	5664
31	4865	5665
31	4865	5666
31	4867	5667
31	4867	5668
31	4868	5669
31	4868	5670
31	4870	5671
31	4870	5672
31	4871	5673
31	4871	5674
31	4872	5675
31	4872	5676
31	4873	5677
31	4873	5678
31	4874	5679
31	4874	5680
31	4875	5681
31	4875	5682
31	4877	5683
31	4877	5684
31	4880	5685
31	4880	5686
31	4881	5687
31	4881	5688
31	4882	5689
31	4882	5690
31	4883	5691
31	4883	5692
31	4884	5693
31	4884	5694
31	4885	5695
31	4885	5696
31	4887	5697
31	4887	5698
31	4888	5699
31	4888	5700
31	4889	5701
31	4889	5702
31	4890	5703
31	4890	5704
31	4891	5705
31	4891	5706
31	4893	5707
31	4893	5708
31	4894	5709
31	4894	5710
31	4668	5711
31	4668	5712
31	4827	5713
31	4827	5714
